ss_username,cf_username,cf_rating,cc_username,cc_rating
eldnahon,slime,3449,peehs_moorhsum,3007
jora,,,uwi,2906
lala,,,kal013,2756
wesnerm,,,wmoise,2696
grebnesieh,grebnesieh,1703,grebnesieh,2673
aurinegro,aurinegro,2202,aurinegro,2628
retrograd,retrograd,2262,retrograd,2628
chris19,anudeep2011,2023,anudeep2011,2565
adkroxx,adkroxx,1765,adkroxx,2561
ania,ania,2566,ania7,2526
hohohaha,a05,,cacc,2513
tusg25,tusg25,2306,tusg25,2507
Jakube,jakube,2423,afaxnraner,2494
acraider,acraider,2223,acraider,2468
bazsi700,bazsi700,2601,bazsi700,2465
serotonin,serotonin,2340,serotonin,2461
Iamchecking,,,yash_daga,2456
accepted,chinmay0906,2101,chinmay0906,2446
srikkanthr,supersri04,1996,supersri_pro,2445
smookiekins,npcompete94,1784,rt_shah,2437
andrei1998,andrei1998,2422,andrei1998,2436
abdullah768,slow_but_determined,2040,abdullah768,2435
pmnox,pmnox,,pmnox,2421
EndRay,endray,,perucmpamypa,2411
naveen_iitr,naveen_iitr,,naveen_iitr,2411
math2718maniac,mathmaniac,2013,mathmaniac,2409
aropan,aropan,2421,aropan,2406
Paradox,paradox1,,miteshag,2402
Threat,fischer,2102,xam_,2395
Sorting,sorting,2342,sorting,2391
amoo_safar,amoo_safar,2810,alisfr32,2391
jay_1048576,jaysharma1048576,2195,jay_1048576,2390
demoralizer,demoralizer,2352,demoralizer,2374
shivram_gowtham,shivram,2019,a1a99_3,2372
nothave,not,,not,2371
n2n,n2n,1321,n2n_,2369
hrsh_panwar,magga,2383,hrsh_panwar,2368
aniket9465,aniket9465,2194,aniket9465,2364
mihil2701,the_nightmare,2312,mihil2701,2359
JovanB,jovanb,2495,jovan_b,2359
pkacprzak,pkacprzak,1959,pkacprzak,2357
rathi_22,toothbrush,,rathi_22,2357
VictorForbes,victorforbes,2149,victorforbes,2356
Wernieris,wernier,2215,mitsumuto,2352
ankitsultana,bk2dcradle,2136,ankit1s10_3,2351
abhi1agarwal,abhi1agarwal,1904,abhi1agarwal,2350
aneesh2312,aneesh2312,2162,aneesh2312,2346
cheissmart,cheissmart,2506,cheissmart,2342
Neil,neil,2163,neil_veira,2340
sameer5,sameergulati,2151,neo1tech9_7,2339
wittyskull,wittyskull,,shivamtanay,2337
deva2802,deva2802,2213,deva2802,2335
anveshi,anveshi,1838,anveshi,2332
NOOBxCODER,noobxcoder,2381,rishabhdevil,2331
aviroop123,aviroop97,2237,aviroop123,2330
xariniov9,xariniov9,,xariniov9,2328
arsijo,arsijo,2723,arsijo,2327
Rubanenko,rubanenko,2262,rubanenko,2326
talos,bipinpathak,1983,bipinpathak,2320
megatron10,megatron10,,megatron10,2315
Utkarsh_25dec,utkarsh.25dec,,utkarsh_25dec,2314
wizard,roy.satyam,,satyam_343,2313
kalptaru,kalptaru,,kalptaru_123,2309
ikbal,ikbal,2181,contesant,2308
nmalviya,nmalviya52,1969,nmalviya1929,2304
neko_nyaa,neko_nyaa,2545,neko_nyaa,2302
huikang,huikang,,tonghuikang,2300
vagesh_verma,garuna,2131,vagesh_verma,2298
nikaB,nikabb,,nika_b,2298
ExplodingFreeze,explodingfreeze,2196,explodingfrz,2296
pratyush1019,pratyush1019,1958,pratyush1019,2295
shinigami11,shinigami11,2116,ashishthecoder,2295
nonsequitur,nonsequitur,2241,nonsequitur,2291
Sanja,sanja,2239,sanja,2289
sanchit_h,sanchit_h,,sanchit_h,2288
ankurdua15,ankurdua15,2146,ankurdua15,2285
neeraj745,neeraj745,1773,neeraj745,2284
mnaveenkumar2009,mnaveenkumar2009,,mnaveenkumar20,2284
dthangnguyen19,dthangnguyen19,2116,thanglegons,2281
evilbuggy,evilbuggy,,evilbuggy,2281
ffao,ffao,,ffao,2281
RezwanArefin01,rezwan.arefin01,2047,rezwanarefin01,2277
Everule,everule,2573,everule1,2277
johan_liebert,death_scythe,1925,pranavarora,2276
aZvezda,azvezda,2173,azvezda,2276
itisalways42,itisalways42,,itisalways42,2273
torque,torquecode,1723,torque,2272
sidhant007,sidhant,,sidhant007,2272
bnkalya1502,bnkalya1502,2202,bnkalya1502,2269
uditgulati0,uditgulati0,,uditgulati0,2266
ujjwal9895,ujjwal9895,1954,ujjwal9895,2265
ankit_1107,ankit_1107,,ankit_iit,2265
manish05,manish05,1808,manish05,2264
lavish315,lavish315,,lavish315,2264
ssjgz,,,ssjgz,2264
pulkitsinghal,pulkitsinghal,1602,pulkitsinghal,2260
coder_pulkit_c,coder_pulkit_c,2100,coder_pulkit_c,2260
sayanmedya,sayanmedya,2259,sayanmedya,2259
asymptote_,advitiyabrijesh,1706,anmol137dh08,2258
saharshluthra,saharshluthra,2175,saharshluthra,2254
soham_1234,soham_1234,,soham1234,2254
pavement,pavement,2417,pavement,2252
nishant_coder,nishant_coder,,nishant_coder,2252
nic6200,nic6200,1885,nic6200,2251
Hamzqq9,hamzqq9,2190,hamzqq9,2250
rajarshi_basu,rajarshi_basu,,rajarshi_basu,2249
hikarico,hikari9,1951,hikarico,2247
letstry,triveni,1795,triveni,2246
rahman_worlds,izaj,1806,izaj1999,2245
hemanth_1,hemanth_1,1789,hemanth_1,2244
scopeinfinity,scopeinfinity,1876,scopeinfinity,2241
shivamg_isc,shivamg_isc,1745,shivamg_isc,2240
nitishk24,nitishk24,2108,nitishk24,2239
sudouc,ex-surreal,1970,mamu,2237
divakar_tomar,divakar_tomar,1750,divakar_tomar,2235
ajaybgunjal,ajaybgunjal,2115,ajaybgunjal199,2235
aaijmrt,aaijmrt,1693,aaijmrt,2234
amitgoel248,amitgoel,1725,amitgoel248,2234
nibnalin,nibnalin,,nibnalin,2234
aditya09,aditya09,1888,aditya09,2233
vishusachdeva,vishusachdeva,1913,vishusachdeva,2232
Chenghiz,chenghiz,,mayankkhetan,2232
iamstg,iamstg,1746,iamstg,2231
ujju_is_great,ujju_sucks,2088,ujju_sucks2,2230
mikal09,saurabh_dtu,,saurabh_dtu,2229
vikky_codder,vikky_codder,1916,vikky_codder,2228
DomiiKo,domiko,2123,domiko,2228
kalpitk,kalpitk,,kalpitk,2225
amitgomi,amitgomi,1864,amitgomi,2224
Yazmau,yazmau,2105,yazmau,2223
avi892nash,avi892nash,,avi892nash,2223
darkhope,darkhope,1556,tabish13,2222
Learner99,learner99,2110,utsav_rajpara,2222
uhateme99,uhateme,2115,uhateme,2222
Al3ks1002,Al3ks1002,,Al3ks1002,2222
I_LOVE_NICKI_MINAJ,i_love_nicky_minaj,1917,shubham1412,2221
killjee,killjee,1776,killjee,2219
AnishG,anishg,,anishg,2219
shourov,shourov.sust,2108,shourov_sust,2218
sinhriv,tachibana_marika,2412,rhymastic,2218
archit_jain08,archit_jain09,,archit_jain08,2218
Equinox,100pi,,equlnox,2218
namanjainiitbhu,revpro,1859,naman_18_jain,2217
gohan95,gohan95,1959,gohan95,2217
farhan132,farhan132,2170,farhan132,2217
swetankmodi,swetank,1640,swetankmodi,2214
pparwal12,pparwal12,,pparwal12,2214
tanishqg5325,tanishqg5325,2108,tanishqg5325,2211
dragonslayerx,dragonslayerx,1968,dragonslayerx,2210
arshadg,arshad1999,1995,ars2117,2209
Orange_Juice,yomapeed,1748,nevermore2002,2207
pakalns,pakalns,,ppakalns,2204
raghumdani,6.46E+73,1742,raghumdani,2203
abhayps,abhayps,1852,abhayps,2201
l_returns,l_returns,2141,l_returns,2200
red_devil,,,l_returns,2200
VladaMG98,vladamg98,2427,vladamg98,2195
bond007,manu1311,1902,manujain,2194
ArtSin,artsin666,1936,artsin6,2194
Nowheretorock,striver_79,1942,striver_79,2194
striver_79,striver_79,,striver_79,2194
danft,danft,,danft,2193
prmsngh,prmsngh,,paramsingh,2193
pluristiq,pluristiq,1409,pluristiq,2192
hkyiitd,hkyiitd,2102,hkyiitd,2192
swastik1996,swastik1996,,swastik1996,2192
vaibhav138,vaibhav138,1947,vaibhav138,2191
rashish,rashish2202,1977,rashish2202,2191
kazi_nayeem,codename27,,kazi_nayeem,2190
nilesh3105,nilesh3105,1687,nilesh3105,2188
inc_practice,psychik,2159,psychik,2188
juckter,ari,2442,juckter,2187
souradeep1999,codeforces.com/profile/souradeep.99,,souradeep1999,2185
ketanhwr,ketanhwr,,ketanhwr,2185
handa,aakashhanda,1941,aakashrockstar,2184
rishabhjain7894,rishabh7699,2322,rishabh7699,2184
VVD4,vvd4,1674,vvd4,2183
aminul,aminul,1914,aminul_haq,2179
mdhivagar18,dhivagar,1932,mdhivagar18,2179
AdC_AB2,adc_ab2,2055,adc_ab2,2179
shikhar7s,shikhar7s,2118,shikhar7s,2179
pin3da,pin3da,1725,mpineda,2178
Wild_Stone,wild4stone,1679,wild4stone,2177
Dhruvil_Kakadiya,dhruvil_kakadiya,1859,c0d3rg,2177
ag73,akshaygahlot73,2149,ag73,2177
kvsk,,,kvsk,2176
baohiep,baohiep,,baohiep,2175
sidthe1,sidthe1,1829,sidthe1,2174
the_phoenixx,the_phoenixx,1731,the_phoenixx,2173
mishraiiit,mishraiiit,1864,mishraiiit,2173
vaibhavvg,vaibhavvg,1839,vaibhavvg,2172
mohit_1995,mohit_3090,,mohit_1995,2172
masterstroke,masterstroke,2113,no_excuses,2171
ltsunlshptntl,prakharjain,,ptntialunrlsd,2171
_NICkk,_nickk,1892,nick1231,2170
secret0123,pranav0123,1970,pranav0123,2170
Cegax12,cegax,,cegax,2170
math10,math10,1631,math10,2169
xbiz,2360,1967,re6044,2169
2360,2360,,re6044,2169
lockdown,lockdown,,shashank2209,2169
6aren,6aren,2587,bk6aren,2168
shyambajaj,shyambajaj,1838,codemaster3840,2167
shubhamgarg1,shubhamgarg1,1857,shubhamgarg1,2166
puneetrai04,puneetrai04,1978,puneetrai04,2166
prb456,prb456,1677,prb456,2165
adi28galaxyak,adi28galaxyak,,adi28galaxyak,2165
swapnil07,swapnil07,,swapnil07,2163
regex0754,regex0754,1648,regex0754,2162
destructor1041,ap1008,2160,whynotme,2162
Reziba,reziba,1571,abizerl123,2161
vivekkumar1595,vivekkumar1595,1797,vivekkumar1595,2160
vineetonrole,vineetonrole,,vineetonrole,2160
taasans123,amar_1997,,taasans123,2160
preet_25,preet_25,,preet_25,2160
CT7,ct7,1624,oblivion_7,2158
abhi_1595,abhi_1595,1652,abhi_1595,2158
hustlerr,hustlerr,,hustlerrr,2158
ayush1996,ayush24,,ayush1996,2157
shubham1694,shubham1694,1167,shubham1694,2156
mkisic,mkisic,1828,logico,2156
hemant9271,hemant1729,,hemant1729,2156
shovonshovo,shovonshovo,,shovonshovo,2156
huzaifa242,huzaifa242,1723,huzaifa242,2155
rsd511,rsd511,,rsd511,2154
saatwik,saatwik27,1770,saatwik27,2153
vampire_slayer,vampire_slayer,1976,vampire_slayer,2153
ciphereck,ciphereck,1659,ciphereck,2152
aloochaat1998,alooochaat1998,1894,aloochaat1998,2152
universe,universe-,2154,universee,2152
katta,ambesh,1712,ambesh,2149
code_kika,code_kika,1823,code_kika,2149
Anmol17220,anmol17220,2025,anmoliiitd,2149
adarshagr8,adarshagr8,1688,adarshag,2148
abhishek944,abhishek944,,abhishek944,2148
yudhik,yudhik,1946,yudhik,2147
Adarsh8409,adarsh8409,,adarsh_kashyap,2144
nightmare0513,nightmare05,2236,nightmare05,2143
shivam543,shivamkakkar,,shivam543,2143
ab13123002,ab13123002,1611,ab13123002,2141
darthVader,root8950,,root8950,2141
vyomkesh,vyomkesh,1760,darkhorse65,2140
Rhythm21,hemesh_dj,1807,hemeshdj,2139
rajdetroja,rajdetroja,,rajdetroja,2139
tusingha,hephaestus,1914,tusharsingh,2138
rtasmeem,bruteforceman,2209,tasmeemreza,2136
binaryboy1234,binaryboy1234,,captain1337,2135
d_shekhar,d_shekhar,1647,d_shekhar,2134
gautam27,gautam27,1661,algorithmist2,2134
s_jindal00,s.jindal,,s_jindal00,2134
spidy7,spidy7,2240,ak_garg__,2133
mrtempo,mrtempo,,mrtempo,2132
Black_Beard009,black_be4rd,1917,black_beard007,2131
d_skyhawk,d_skyhawk,,d_skyhawk,2131
aatrey,aatrey,,aatrey07,2130
atharva_sarage,atharva_sarage,1736,atharva_sarage,2129
cypherop,cypherop,2022,cypherop,2129
rahul_iit,rahul_iit,2131,rahul_iit,2129
gear4,gear4,,gear4,2129
dragneel3131,dragneel3131,1679,dragneel3131,2128
Masum_Billa_19,masum_billa_19,1931,masumbilla_19,2128
AaryanS,_aaryan_,1969,ssj5_aaryan,2128
srijan123j,srijan123j,,srijan123j,2127
dontclickme,all_out,1868,jaydeep97,2126
Inov,abhinavvv306,2322,inov_360,2126
doltferns,doltferns,,doltferns,2126
ag996,iknowirock,1470,adityaghosh996,2125
ymahajan98,ymahajan98,1934,ymahajan98,2124
shivam0891,shivam0891,,shivam0891,2124
eklavya,eku,1698,sharmaeklavya2,2123
pqrst,nik_y,2103,nik_y,2123
adarsh_1_gupta,cyber_wizard,1919,gupta_adarsh,2122
karanagarwalla,karanagarwalla,2135,karanagarwalla,2122
murugappan_s,murugappan_s,1902,murugappan_s,2121
geniucos,geniucos,,geniucos,2121
raiden11,raiden_11,,raiden11,2121
hm98,hm_98,2031,hm_98,2120
hm_98,hm_98,2031,hm_98,2120
rohit_goyal,rohit_goyal,2150,rohit_goyal,2120
tanzir5,maxon5,2171,tanzir5,2119
avmnusng,,,avmnusng,2119
unknown0711,unknown0711,,anshg0711,2119
akshaykumar99,akshaykumar99,,akshaykumar01,2119
anmol21,loser21,2038,anmol21,2118
Renauga,tourist,3764,renauga,2118
tariqiitju,tariqiitju,,tariqiitju,2118
dawnavd,dawnavd,1454,dawnavd,2117
lalit_1,lalit1,1543,lalit_1,2117
manujk,akamg,1701,manujg,2117
p_unit,p_unit,,p_unit,2117
muNick,munick,,anubhav2512,2117
akjn,akjn,1570,akjn,2116
RkHamim,hamim99,1727,hamim_1804126,2116
prisonbreak_ms,its_atrap,1789,prisonbreak_ms,2116
manas_gupta,manasg,,manas_gupta,2115
mouryasatyam,mouryasatyam,1763,mourya_satyam,2114
grey_hat_geek,koshle,,miitbh1,2114
gommale,,,akshayvenkat97,2114
George_Ogden,geroge_ogden,,george_ogden,2114
stranger7,stranger7,1294,stranger7,2113
haha_akash,haha_akash,1763,haha_akash,2113
deepsavani,deepsavani,1833,deepdsavani,2113
born_confused,born_confused,1863,suryansh619,2113
prasant21,prasant21,1936,prasant21,2113
dreamplay,dreamplay,1930,dreamplay,2112
luucasv,luucasv,1992,lvcs,2112
Sp020700,aur_batao,2170,what_is_coding,2112
prashanth_rebala,prashanth_rebala,1779,prash_rebala,2111
psycane,,,himanshu_m,2111
sai_rathan,sai_rathan,1513,sai_rathan,2110
angesh,angesh,1928,angeshs,2110
bigcrunch,bigcrunch,1978,kaush97,2110
Rox,rox,,arxmath,2110
avijit_agarwal,avijit_agarwal,2020,avijit_agarwal,2109
naman5811,naman5811,1603,naman5811,2108
shado_w,shado_w,1923,shado_w,2108
HimanShu09,himanshu09,,himanshu102,2108
sadid,sadid_005,,sadidshaikh,2108
gkashish,gkashish,1908,gkashish,2107
harshhx17,harshhx17,,harshhx17,2107
gaurav_8,gaurav_8,,gaurav_8,2107
PR_0202,pr_0202,2171,pr_0202,2106
ujjawalpabreja99,cuber_coder,2177,ujjawalpabreja,2106
aayushdw,dwivedi,,aayushdw,2106
suraj_ch77,suraj_ch77,,suraj_ch77,2105
gakshat468,gakshat468,1618,akshat468,2104
Rajdeep2001,rajdeep,,rajdeep2001,2104
anuragsingh804,anuragsingh804,2110,anuragsingh804,2103
hellman,hellman1908,,hellman,2103
trijeet,trijeet,1600,trijeet,2102
nemish,n1e2m3,1810,sna902055,2102
punitg8,punitg8,1828,punitg8,2101
AlexandruValeanu,alexandruvaleanu,1901,alexvaleanu,2101
tanvir,t17,1941,tanvirtareq,2101
mariand,mariand,2260,mariand,2101
abhishekk781,abhishekk781,1686,abhishekk781,2100
sajib_readd,sajibreadd,1769,sajib_readd,2100
viSkey,suga,1884,viskey,2100
harsh1610,harsh1610,1924,harsh1610,2100
rohit659,rohitman659,,rohit659,2100
ap_2089,ap_2089,1691,xqb_83,2099
pritishn,pritishn,1976,pritishn,2099
amul123,amul_agrawal,2141,awesome_amul,2099
vipin_bhardwaj,vipin_bhardwaj,,vipin_bhardwaj,2099
giorgosgiapis,,,giorgosgiapis,2099
hungryfool,hungryfool,1533,hungryfool,2098
ankan2526,ankan2526,1710,ankan2526,2098
sherewillpower,sherewillpower,,sherewillpower,2098
rtheman,rtheman,1492,rtheman,2097
codemastercpp,codemastercpp,1787,codemastercpp,2097
rushi_patel11111,rushi_patel11111,1884,rushi11111,2097
Dishant_18,dishant_18,1915,dishant_18,2097
MohamedAhmed04,mohamedahmed04,2450,mohamedahmed04,2097
dhruval161,dhruval161,,dhruval161,2097
Darshil_Shah,darshil_shah,1844,shah_darshil,2096
sauravray2587,sauravray2587,1947,sauravray2587,2096
killerbee,killer_bee,1807,tapish13031997,2095
geckods,geckods,2161,geckods,2095
aseemraj,scion,,aseemraj,2095
shakti,mr_knownothing,1721,mr_knownothing,2094
Believe,believe,,nikhil982000,2094
ravik1,ravik1,2081,ravik1,2093
l0gic_b0mb,l0gic_b0mb,1693,l0gic_b0mb,2092
eightnoteight,eightnoteight,1717,eightnoteight,2092
return__zero,return__zero,,shivam_wadhwa,2092
ankurverma1994,ankurverma1994,1297,ankurverma1994,2091
Amiy2908,amiy_tiwari,1836,amiy_tiwari,2091
unmesh_kumar,_xorcestor_x,,unmesh_kumar,2091
ychhabra60,,,ychhabra60,2091
sak_agg,sak_agg,1830,sak_agg,2090
aman92053,amystar101,,aman92053,2090
nightfury1204,nightfury1204,,nahidcuet12,2090
vivek_zi,why_._,,vivek_zi,2090
liaojh1998,liaojh,,liaojh,2090
SachinAgarwal,techknight410,1319,sachin_4099,2089
yash0530,scaryterry,,yash530,2089
anushi,anushi1998,,anushi,2089
ak532,ak532,1791,adarshkr532,2088
coder_harsha,harshaa05,1831,harshaa05,2088
sneh42,sneh123,1886,snehgupta42,2088
ashutosh97,ashutosh450,2166,ashutosh450,2088
kuwal786,_karn,1914,kuwal786,2087
s4shyam95,s4shyam95,1950,s4shyam95,2087
white__walker,white__walker,1992,white__walker,2087
fishy15,fishy15,2080,fishy15,2087
notwatermango,notwatermango,1720,notwatermango,2086
anand873,doubleux,2108,doubleux,2086
Blitztage,blitztage,2150,charizard21,2086
saanc,saanc,,saanc,2086
Inferno2332,inferno2332,1678,inferno2332,2085
gravito12345,gravito12345,,gravito12345,2085
Retarded_Ape,_infinite_v0id_,1861,retarded_ape,2084
abhineet14,abhineet14,1682,abhineet14,2083
tanzim_bn,tanzim_bn,1772,tanzim_bin,2083
YuvrajSharma,yuvrajsharma,1842,yuvraj908,2083
knok16,knok16,1882,knok16,2083
hitesh_0301,hitesh_0301,2125,hitesh_0301,2083
pseudocoder10,pseudocoder10,2144,pseudocoder10,2083
salik,abx_2109,,abx_2109,2082
smit_37_mist,smit_37_mist,,smit37_mist,2082
frost_,frost_,,frost_,2082
mradul12,bhatnagar.mradul,1699,mradul12,2081
DrSwad,drswad,,drswad,2081
mkrjn99,mkrjn99,1638,mkrjn99,2080
muskan_garg,muskan_garg,,muskan_garg,2080
kg_05,khushboo05,1648,kg05kg05_05,2079
i_am_pratik,i.am.pratik,1965,poetic_soul,2079
darkshadows,darkshadows,,darkshadows,2079
DrinkWaterEatFood,drinkwatereatfood,,piedpiper,2079
i_am_the_danger,king_in_the_north,,drastogi21,2079
sawarnik123,sawarnik,1932,sawarnik123,2078
fakhrulsojib,fakhrulsojib,1955,fakhrulsojib,2078
rs258,rs258,1993,rishisethia,2078
agarwal_keshav,agarwal_keshav,,agarwal_keshav,2078
jonsnow7,jonsnow7,1476,jonsnow7,2076
guptautkarsh2512,guptautkarsh2512,1581,kqr45j,2076
ninja_28,ninja_28,1765,kanish_anand,2076
Md_Atik,m_a_r,,atik_27,2076
abhi2812,abhi2812,,abhi2812,2076
scooby,scoobybutter,,scoobybutter,2076
praby,praby,1593,praby,2075
satyamshrma,satyamshrma,1787,skumarsharma,2075
ronakvaghela45,ronakvaghela45,1893,ronakvaghela45,2075
husdabest,shash42,2009,harrycoda,2075
Gigaliths,gigaliths,,gigaliths,2075
rishabh_2621,aryanverma2412,1667,risha_ver_2621,2074
PratyushBansal,pratyushbansal26,1935,pratyush26,2074
rmatrix,rmatrix,1967,rmatrix,2074
8shubham,8shubham,1542,shubhamkothari,2073
sayam_sethi2,sayam.sethi2,1754,sayam2,2073
NMrinal,nilotpal,1589,nilotpal9797,2072
reyaan44,reyaan44,1950,reyaan44,2072
yash_0402,yash_0402,,yash_0402,2072
vagab0nd,_vagabond,1941,vagab0nd,2071
Mrityuanjaya,mg9336862948,,mrityuanjaya,2071
Fayaz,fayaz,1777,fayaz_007,2070
georgejsh,georgejsh,1814,georgejsh,2070
shivansh1102,shivanshshukla60,1823,shivansh1102,2070
digu_J,digu_j,1963,digu_j,2070
saurv4u,saurv4u,,saurv4u,2070
nitin12384,nitin12384,1757,nitinkumar1238,2069
Nikki371,nikki371,1619,nikki371,2068
daysofgold,gamer37,1807,suah0205,2068
evan,ho-jo-bo-ro-lo,,evan_hossain,2068
bonfire,bonfire,,bonfire,2068
abhishek20113,abhishek20113,1303,abhishek20113,2067
Your_dad,your_dad,1657,nonushikhar,2067
Ashish_aryan1,omja,1911,ashish_aryan02,2067
udow,udhavvarma03,,udhav2003,2067
abhinav_2306,abhinav_2306,,jslim,2067
A_singhal,a_singhal,,thunder_blade,2066
vidhan,vidhan13j07,1643,vidhan13j07,2065
abj02,abj02,,abhishekjha01,2065
mesksr,mesksr,,mesksr,2065
Adroit,legend.ary_as,,random_noob,2065
abhi_neel,abhi_neel,,abhi_neel,2065
mr_nastik,mr_nastik,1606,mr_nastik,2064
Aabhas99,aabhas99,,aabhas99,2064
hybrid,hybrid,,hybrid404,2064
AbhiTaker,abhitaker,1665,deadcode4,2063
vs12345,linux0403,1784,vasu0403,2063
TheOneYouWant,theoneyouwant,2308,theoneyouwant,2063
vasu0403,vasu0403,,vasu0403,2063
yranka309,yranka309,,yranka309,2063
groot_here,anand80hack,1459,depressed_code,2062
groot8045,anand80hack,1459,depressed_code,2062
JadeReaper,jadereaper,1596,jade_reaper,2062
ayush_a97,ayush_a97,1679,ayush_a97,2062
emiya_007,emiya_007,,emiya_007,2062
debugivAC,codearth,1625,codearth01,2061
thunderbird001,thunderbird001,2133,thunderbird001,2061
Devil_786,ashusingh250203,,einzelganger,2061
cap_filler,imalsol,,dimash241,2060
sajibcuet09,sajibcuet09,1344,sajibcuet09,2059
AdityaBKIIITA,aditya-bk,1625,adityabk_iiita,2059
ankur_dhir95,ankurdhir111,1693,ankur_dhir95,2059
soumyjain,soumyjain,1820,soumy_jain,2059
phantom654,phantom654,,phantom654,2058
kaun_meet,mithh_gemphir,,kaun_meet,2058
deadshooter_v2,elprimo,1725,nishant_141077,2057
mohitbindal,mohitbindal,1847,mohitbindal644,2057
sahil99,sahil99,1939,sahil91,2057
coderoar,kumar_pranjal_rai,,prnjl_rai,2057
admin123,admin123,,admin123,2057
deadshooter,nishant_141077,,nishant_141077,2057
Stop_stalk,mohitbaid,1574,rip_codechef,2056
nestedcode,nestedcode,1835,nestedcode,2056
bansals888,bansals888,2058,bansals888,2056
siddhantyadavgzp,siddhugzp,,siddhugzp,2056
harshkrraj,harshkrraj,1674,harshkrraj,2055
rohan_p,rohan.p,1910,rohan_p_72,2055
Meenaksshi_S,meenaksshi,,meenaksshi,2055
majorro,majorro,1733,majorro,2054
Priyanshu_Gupta,priyanshu_gupta,1749,vold_mort,2054
f1u77y,f1u77y,1804,f1u77y,2054
ToxicHack,toxic_hack,2040,toxichack_99,2054
anuraag.heisenberg,anuraag.heisenberg,,anuraag_s2,2054
arpn,arpn,1437,arpn,2053
anadivyas,al_qatil,1786,beastincarnat,2053
cookpie,sugam,1459,cookpie,2051
gjaiswal108,gjaiswal108,1626,gjaiswal108,2051
xpertcoder,xpertcoder,1666,xpertcoder,2051
sourav_suku,sourav_suku,1719,souravunni27,2051
vishal_nnd0,vishal_anand,1861,vishal_nnd0,2051
harsh290198,harsh290198,,harsh290198,2051
hello_harry,demonstrator,,demonstrator27,2051
Anish_aak,aak,,anish_ak,2051
honeysingh18,honeysingh18,1453,honey_789,2050
Kanna_19,kanna_19,1863,kanna_19,2050
nishantns19,nishant.ns19,,nishantns19,2050
divyansh_0602,divyansh_0602,,vitruvian_0602,2050
prakash11,prakash11,,prakash1108,2049
dhawal,dhawalupadhyay,,dhawalupadhyay,2049
bkhanale,bhushan_,1680,bhushan_,2048
yashbarot291,yashbarot291,1948,yashbarot291,2048
c_utkarsh,c_utkarsh,1642,c_utkarsh,2047
real_flash,real_flash,1654,realflash,2047
alfarhanzahedi,alfarhanzahedi,,alfarhanzahedi,2047
ha___il,ha___il,,hail385,2047
saurav555,saurav555,1384,saurav555,2046
aman9875,aman_9875,1956,aman9875,2046
suri09,enjoy_coding,,suransh,2046
pjn2704,prakhar_jn,,prakhar_jn,2045
theneek14,theneek14,1550,theneek_14,2044
Asur70007,jokkeer,1713,jokkeerr,2044
apraharaj,the_fenrir,1757,the_fenrir,2044
failed_coder,failed_coder,2106,failed_coder,2044
buzz_95,buzz_95,,buzz_95,2044
balramsingh,ibalram,,balrams,2044
cyberkid05,blackhatinside,1396,blackhatinside,2043
iwbrco,__________,1515,debabrata116,2043
DioHERO,dio707,1573,dip707,2043
nine_tails9,nine_tails9,1607,nine_tails9,2043
harshrajani460,harshrajani460,1993,harshrajani460,2043
eager,eager,,eager,2043
amit_sharma,amit2468,,amit2070,2043
rishabh_jain9196,rishabh.jain9196,1507,rishabh.jain9196,2042
architrai,archit10messi,1790,architrai,2042
palak1234,callias,,ipg_2015054,2042
Labib666,labib666,1784,labib666,2041
avivilla,avivilla,2013,avivilla,2041
jayeshaw,jayeshaw,2265,jayeshaw,2041
jayesh_shaw,jayeshaw,2265,jayeshaw,2041
vishakhabanka,vishakhabanka,,vishakhabanka,2041
barry1928,barry_1928,1323,barry1928,2040
drunkenstein,vinishthanai,1389,errormaybe,2040
Woreviam,woreviam,1646,previus,2040
karanjuneja11,karan.juneja1106,1706,karan1106,2040
Daniel19Frenzy,daniel19frenzy,1954,daniel19frenzy,2040
pk301,pk845,2026,pk301,2040
durgesh9491,,,gds94541,2040
khem_404,khem_404,1624,khem_404,2039
AnuarTB,Anuar,1817,AnuarTB,2039
jam1729,jam1729,1827,jam1729,2039
deepak022,deepak022,1976,deepak022,2039
lightyear,lightyear,,ashishanjan1,2039
har_vi,har_vi,1444,har_vi,2038
lazydreamer,_lazydreamer,1940,lazydreamer,2038
covid01,covid01,2008,covid01,2038
satyamgarg121,satyamgarg121,2103,gladiator121,2038
vk9435331,,,vk9435331,2038
lsparihar,a_el,1706,lovyparhar,2037
abhishekjoshi2612,abhishekjoshi2612,1721,whozthis,2037
lemongrabcp,lemongrab,1751,lemongrab,2037
euler_1998,euler_1998,1827,euler_1998,2037
rajat376,rajatgoyal376,1918,rajat376,2037
jaglike_makkar,jaglike_makkar,2089,jaglike_makkar,2037
denis2111,denis2111,2161,denis2111,2037
utkarsh1997,utkarsh1997,,utkarsh1997,2037
mesh_shubham,shubham1402,1605,shubham1402,2036
TimeWarp101,timewarp101,1838,timewarp101,2036
vickyyo,viiickyyo,,viiickyyo,2036
geek_monk,chakrabortykushal442,1258,geek_monk,2035
subrat18,subrat18,1536,subrat0018,2035
KevinMathew,kevinmathew,1583,kevinmathew,2035
somujena,somujena21,1601,somujena,2035
souvik,flysky,1627,sou123,2035
masters_abh27,masters_abh,1645,mastersabh,2035
aulene,aulene,1673,aulene,2035
prakhar17252,prakhar17252,1965,prakhar17252,2035
kunal,kunalbonucci,,kunalbonucci,2035
deepak2015,deepak2015,1609,deepak2015,2034
tarunmishra_19,tarunmishra_19,1659,mshtarun_19,2034
suvro_coder,suvro_coder,1681,suvro_coder,2034
satvikb,satvikb,1988,satvikb,2034
BeruboIV,beruboiv,1504,beruboiv,2033
pritamjitmanna,pritamjitmanna,1644,pritamjitmanna,2033
dhruv_pasricha,pasricha_dhruv,1670,pasricha_dhruv,2033
ivokaragyozov,just_in_case,,ivokaragyozov,2033
joker_vision,joker_in,,vikasd145,2033
mbfibat,mbfibat,2019,mbfibat,2032
M0riarty,m0riarty,2133,m0riarty,2032
Kruthic,kruthic,,kruthic,2032
naresh0839,pretender,,naresh0839,2032
ashish2011,ashish2011,1542,ashish2011,2031
Vipin123,vip_in_hunt_for_code,1890,zxcvmnb123,2031
o_ologn,wreck_count,,crystal64,2031
jeaf_dean,jeaf_dean,,prashant321022,2031
saurabh3240,saurabh3240,1618,saurabh3240,2030
akashbhalotia,whiplash99,1716,akashbhalotia,2030
pa_n_ik,pa.n.ik,1993,panik,2030
shauryakr,shauryakr,,shauryakr,2030
bbackspace,bbackspace,1650,bbackspace,2029
Dheerajydv,dhr_1,1884,dj_r_1,2029
100_gods,100gods,1911,godss,2029
beast_1,beast_1,1926,prince_raaz,2029
viwreck,viwreck,,v1wreck,2029
mr_possible,sambhav05062001,,sam12346578,2029
TheCypher,thecypher,,shivamanandrj9,2029
sambhav05062001,sambhav05062001,,sam12346578,2029
arpit0891,arpit0891,,arpit0891,2029
harikrishnanm,countergambit,1393,harikrish02,2028
sinhov,sinhov,1558,sinhov,2028
derco19,derco19,1559,coder_harsh915,2028
om_ashish_soni,om_ashish_soni,1586,om_ashish_soni,2028
rocww,rocww,1689,rocww,2028
dutta42120201,dutta42120201,,dutta42120201,2028
vivek1401,vivek1401,,vivek1401,2028
maku123,maku,1416,maku1213,2027
prbhatter,prbhatter,1589,prbhatter,2027
ankurkayal,ankurkayal,1803,ankurkayal,2027
akshitgarg09,akshitgarg09,1921,algopredator,2027
abhilash_360,abhilash_360,,abhilash_360,2027
Mankesh_Dhanawat,mankesh_dhanawat,,mankesh016,2027
18h51a05g9_nag,nagasai74,1384,nagasai74,2026
DreadArceus,dreadarceus,1464,dreadarceus,2026
g0uravlathwal,g0uravlathwal,1556,g0uravlathwal,2026
sahilarora.535,sahilarora.535,1691,sahilarora.535,2026
gagan86nagpal,gagannagpal68,1972,gagan86nagpal,2026
ashut0sh78,dam0n,,j_sprw,2026
shreyas_mandade,shreyas.mandade,1407,shr_mandade,2025
dmehrab06,from_bd_with_depression,1496,ridslk22,2025
LVM,lorentzo_von_matterhorn,1617,cybertrron1609,2025
vivek_rathi_53,vivek_rathi_53,1617,vivek_rathi_53,2025
rohitranjan017,rohitranjan017,1771,rohitranjan017,2025
_PushkaR,_pushkar,,hellguard,2025
Pranay_16,devilnero,,devilnero,2025
hrushikesht,hrushikesht,,hrushikesh_t,2025
ma_you_kh,mayukhbis,1443,ma_you_kh,2024
mink0389,mink0389,1500,mink0389,2024
nishitsharma03,nishit.sharma,1827,nishitsharma03,2024
Ujjwalkewl,ujjwalkool,1889,ujjwalkool,2024
munghatekartikeya,munghatekartik,1936,munghatekartik,2024
Sajid064,sajid064,,sajid_064,2024
shubhamgarg18,shubhamgarg18,,shubhamgarg18,2024
noob_abhi,noobabhi,,bit2hal,2024
thesnehil,snehil10,1603,snehil10,2023
pravin_as,pravin_as,1633,pravin_a_s,2023
hitesh_bansal,hitesh_bansal,1637,hitesh_bansalc,2023
BetoSCL,betoscl,1640,scbeto,2023
SCBeto,betoscl,1640,scbeto,2023
satyam_vivek,satyam_vivek,1641,satyam_vivek,2023
Doublade,doublade,1676,darsh_198,2023
y0u_kn0w_wh0_,y0u_kn0w_wh0,,y0u_kn0w_wh0,2023
lamda_cdm_10,lamda_cdm,1546,lamda_cdm_10,2022
sagar_97,sagar_97,1718,sagar_97,2022
aman_5311,aman_5311,1731,aman_5311,2022
Mindjolt,mindjolt,1832,mindjolt,2022
reaziii,recrus,,reaziii,2022
guestcheap,guestcheap,,guestcheap,2021
sidak173,sidakbhatia,,sidakbhatia,2021
Vishal_lashavi,lashavi,1569,lashavi,2020
j1k7_7,jaskamalkainth,1783,j1k7_7,2020
nikunjsoni,nikunjsoni,,nikunjsoni,2020
ankitamritraj,ankitamritraj,1506,ankitamritraj,2019
sd7_dubey,shivam7,1580,sd7_dubey,2019
gur_chella,gur_chella,1721,gur_chella,2019
Safayat,safayat,,sumishu,2019
deCryPt,decrypt.cp,,stevens,2019
samay_var,samay_var,1937,samay_var,2018
AakashGoyal,aakashgoyal,,aakash_in,2018
poacher_beast,vishalm20vishalm20,,vishalm2017,2018
modi_nitin13,modi_nitin13,,modi_nitin13,2018
kumar,lossser,,mangalam11,2018
kabira,acm2k__,,avijeet_420,2018
dazlersan1,dazlersan1,1246,dazlersan1,2017
deepak619,elclasico,1498,deepak619916,2017
damsehgal,dam_sehgal,1654,damsehgal,2017
RitikSingla,fastred,1657,fastred,2017
sonu_verma1,sonu_verma1,1688,sonu_verma1,2017
hritikraj31,hritik31,1694,hritikraj31,2017
divyansh_gaba,divyansh_gaba7,,divyansh_gaba7,2017
architkumar,archie1101,1462,codemaster0202,2016
Vansh_Kapila,vansh_kapila,1667,vansh_kapila13,2016
Sadguy99,youknowwhoiam1,,youknowwhoiam1,2016
besieger,besieger,,besieger,2016
Shin,_shin,1202,shin_05,2015
dhruvsahni,dhruvsahni89,1402,dhruvsahni,2015
abhishekJr,abhishekjr,1473,abhishekjr,2015
akshitchopra,akshit_1996,1604,akshit_96,2015
GouenjiShuuya,gouenjishuuya,1626,gouenjishuuya,2015
nishantsharma021,nishantsharma021,1737,sharmahal,2015
pradyumn,mithrandir_14,1791,coderprady,2015
pranshul,pranshul,,charizard,2015
sinsak,sin_sak,1603,sin_sak,2014
amitt_yadav_,cribabby,1748,amitt_yadav__,2014
Gaurang,sigma_g,1936,sigma_g,2014
i_love_ayrawhsia_nodnat,i_love_ayrawhsia_nodnat,,bhavit_sharma,2014
thedictator,ayush7991,,thedictator,2014
mittalshubham,mittalshubham,,mittalshubham,2014
piyusheverhard,piyusheverhard,,piyusheverhard,2014
tanmaysahay94,tanmaysahay94,,tanmaysahay94,2014
madhuramjajoo,madhuramj,1497,maddy1998,2013
Piyush_razz,piyush_razz,1634,piyush_raz,2013
YogiG,yk_ax,1718,yk_ax,2013
jamil314,jamil314,1731,jamil314,2013
aswinashok44,aswinashok44,1780,aswinashok44,2013
devasnh,devasnh,1849,devasnh,2013
Mksiyak,mksiyak,1875,mksiyak,2013
pigmeister,pigmeister,1930,pigmeister,2013
gt_18,gt_18,2136,gt18,2013
khokho,khokho,2170,mrkhokho,2013
ujjawalgupta20,ujjawal_gupta,,ujjawalgupta20,2013
sampriti,sampriti,,sampritipanda,2013
aman_agarwal19,aman19,,aman_agarwal19,2013
satyarthP,satyarthp,,satyacoder,2013
Foyaz05,foyaz05,,foyaz05,2013
shawnbam_96,bum_96,1279,shawnbam_96,2012
k_mare,k_mare,1766,k_mare,2012
hdsingharora99,hdsingharora99,1791,hdsingharora99,2012
codeict,codeict,1973,codeict,2012
prabhavagrawal7,prabhavagrawal7,,prabhav7,2012
dpraveen,praveendhinwa,,dpraveen,2012
temurbek_khujaev,shumshumschilpiddydah,,temurbekhujaev,2012
agrawal_2002,aditya_iiitl,1609,agrawal_2002,2011
KingofHell,prishan76,1666,shantu76,2011
mnmamgain,logbase2,,logbase2,2011
satya26,satya26,,satyajeet104,2011
chitreshapte,chitreshapte,,chitreshapte,2011
maxwell_008,dark__knight,,maxwell_008,2011
itzarnav07,arnavjha07,1529,itzarnav07,2010
shakil_ruet,colorless_coder,1529,shakil_ruet,2010
mr_cchef,mr_cchef,1608,mr_cchef,2010
rc_4594,rc_4594,1618,chandu4594,2010
amritx8,amritx8,1661,dtu_amritkumar,2010
unusual_wonder,unusual_wonder,1795,unusual_wonder,2010
ashu12_chi,ashu12_chi,1908,ashu12_chi,2010
fixthegame,chocolatepotato,2101,fixthegame,2010
Svapnil007,svapnil007,,svapnil007,2010
nlather,chrollo_lucifer,,nlather,2010
sudipandatta,sudipandatta,,sudipandatta,2009
a2hksy,a2hksy_,,a2hksy,2009
Captain,captain_7,,captain_16,2009
dgupta0812,dgupta0812,1553,dgupta0812,2008
siddis,spagheddy,1611,king_of_string,2008
luvk1412,luvk1412,1638,luvk1412,2008
mrvedsachdeva,mrvedsachdeva,,mrvedsachdeva,2008
satyam_86770,satyam_86770,,ece_bandaa,2008
kailashnath1998,kailashnath1998,,kailashnath199,2008
abhist,abhist,1490,abhist,2007
rangwani_harsh,rangwani_harsh,1512,lastoption,2007
vijay337,vijay337,1649,blank_337,2007
cartmancodes,cartmancodes,1681,cartmancodes13,2007
arpan491,arpan491,1699,arpan4775,2007
satan_nightmare,satan_nightmare,1705,sumitsinghnit,2007
Oreo_85,oreo_85,1706,oreo_85,2007
iit_sujal,iit_sujal,1711,iit_sujal,2007
sheldontauro,sheltauro,1903,stauro,2007
NIMISHUPADHYAY,dead_pool2001,,dead_pool2001,2007
ashu565,ashu9993063472,1431,ashu414,2006
aquiem,aquiem,1509,aquiem,2006
Enigma20,enigma20,1567,enigma20,2006
r_ranjan,rranjan,1663,rranjan1,2006
nisiddharth,nisiddharth,1731,everydayhacker,2006
vikhyat,vikhs_96,1853,vikhs,2006
Chef_Insayn_Forced_Ape,retarded_ape,1861,insayn,2006
Dragonado,dragonado,1903,dragonado,2006
playlikeneverb4,playlikeneverb4,1952,playlikenever,2006
still_me,still_me,,still_me,2006
its_tushar24,its_tushar24,,its_tushar24,2006
claudiovan,claudiovan,,claudiovan28,2006
demonhue,demonhue,1461,demonhue,2005
sam_28,sam_28,1656,mash_28,2005
one2345678,one2345678,1823,arjun20398,2005
raj_muj,raj_muj,,raj_muj,2005
njha1999,njha1999,,njha1999,2005
Abhishek_019,abhishek019,,abhishek_019,2005
E2N_Priyanshu,e2n_priyanshu,1341,priyanshu_2019,2004
vipbaswan,vipbaswan,1592,vipbaswan103,2004
qrus,qrus,1657,stun_mayank,2004
faiyaz26,faiyaz26,1731,faiyaz26,2004
icoder211,icoder211,1858,icoder211,2004
raunaqroxx,raunaqroxx,1932,raunaqroxx,2004
enot.1.10,enot.1.10,2681,enot,2004
mrslowmo,mrslowmo,,mrslowmo,2004
imranziad,shadowfax,1579,imranziad,2003
chiragjn,chiragjn,1609,chiragjn,2003
yuvrajKharayat,yuvrajkharayat,1803,yuvraj3004,2003
karan_221,morty,,karan_221,2003
vijaychadokar,prozpekt,,vijay_c,2003
varungoyalbits,moriorinvictus,1283,vg_codechef,2002
cyborg2014,cyborg2014,1470,cyborg2014,2002
Lay_2592,lay_000,1565,lay_000,2002
D_R_T,ravitejadonthu1,1605,ravidonthu,2002
ShanuSingroha,shanusingroha,1724,shanu_singroha,2002
milan0027,milan0027,,milan0027,2002
the__phoenix,the__phoenix,,the__phoenix,2002
achilles1993,achilles1993,1417,achilles1993,2001
akbhado,akbhadoriya,1562,akash_4_ever,2001
RIsHaV_IITKGP,rishav_iitkgp,1604,rishav_iitkgp,2001
krunal9220,krunal9220,1612,krunal9220,2001
zammy,cr0w,1655,zammy_7,2001
khaalithetohbanaaliya,ak....,1668,abhi12122000,2001
ayush176,ayush176,1725,ayush176,2001
rishabh_singh_,rishabh_singh_,1934,rishabh_singh_,2001
Soumyadeep_Pal,palsoumyadeep,2016,account_no_69,2001
harveer99,harveer99,,harveer99,2001
saksham8023,saksham2405,1445,saksham2405,2000
coder_r,coder_r,1639,coder_r,2000
aviously,aviously,,aviously,2000
ravi140,ravi140,,ravi140,2000
nthoang,nthoang,1742,nthoang,1999
vijju1234567890,vijju123,1765,vijju123,1999
lllllllllllll,rishabh.ranjan,1857,lllllllllllll,1999
DeepThought42,deepthought42,2164,deepthought_42,1999
mittal21,mittal21,,mittal21,1999
Xorier,xorier,,priyanshi_,1999
Virendra115,virendra115,,virendra115,1999
walragatver,walragatver,1561,walragatver,1998
ofrajsingh,lazy_loop,1572,ofrajsingh,1998
h1tman_abhi,h1tman_abhi,1609,h1tman_abhi,1998
verma_ankit484,verma_ankit484,1681,verma_ankit484,1998
shaan123rock,shaan123rock,1749,shaan2610,1998
chauhan176,chauhan176,1968,chauhan176,1998
indra_5672,indra_123,,indra_123,1998
Experienced,experienced,1639,anubhav23,1997
epsileer,epsileer,1664,epsileer,1997
Rohit_3199,dark_coder31,1815,dark99,1997
utsavk02,utsavk02,,utsavk02,1997
keshav20,2007keshavraj,,rajkeshav20,1997
tejas_919,tejas_919,2198,tejas_919,1996
atulac.11,,,atulac,1996
mnkagr123,mnkagr123,1592,ohm123,1995
liman98,titorjohn,1631,liman98,1995
teochaban,teochaban,2018,teochaban,1995
present_sir,present_sir,,present_sir,1995
vaibhav_t_3000,vaibhav_t_3000,,vaibhav_t_3000,1995
gsa725,gaurav569singh,1441,gaurav5singh,1994
he_he,he_he,1747,he_he,1994
coder_1508,pratikpjain.15,,coder_1508,1994
bhavyammodi,bhavyammodi,,bhavyammodi,1994
harshitnitt1,,,harshitnitt1,1994
anurag31,anurag31,1472,anurag31,1993
amrityavagmi,amrityavagmi,1489,amrityavagmi,1993
sahil_2003,sahil1972,1497,sahil_2003,1993
VaibhavShrotriya,vaibhavs2,1502,vaibhavs2,1993
prshnt19,prshnt19,1636,prshnt19,1993
iit2017038,crazy__1234,1768,crazy__1234,1993
TripPple_A,trippple_a,2141,trippple_a,1993
disguise,sarveshmahajan,,sarveshmahajan,1993
rag_hav,rag-hav,,rag_hav13,1993
Farhan7933,farhanalam,1459,farhan_21,1992
kush_vi,kushwaha_vi,1462,sensei,1992
Anurodh_ac,anurodh_ac,1519,anurodh_ac,1992
Neko_Frost,ry0_5,1612,ghostofuchiha,1992
dipta007,dipta007,1711,dipta007,1992
shpvb,shpvb,1909,shpvb,1992
lazyc97,lazyc97,2085,lazycoder97,1992
shashwatchandra,sleepyshashwat,2194,shashwatchandr,1992
manjunath1996,manjunath1996,,manjunath1996,1992
Richhub,richhub_,,richhub,1992
ksharma377,ksharma377,1426,ksharma377,1991
ishaank10,ishaank10,1626,ishaank10,1991
Justani,justani,1694,justani,1991
gauss14,gauss14,1885,gauss14,1991
atg_coder27,atg_coder27,,atg_coder27,1991
rsampaths16,rsampaths16,1512,rsampaths16,1990
realnimish,realnimish,1826,realnimish,1990
bktl4ever,bktl4ever,2025,bktl99,1990
pranjalr34,pranjalr34,,pranjalr34,1990
Noobakshat,ak_shrana,,ak_shrana,1990
rishabhdaga,dagarishabh,1415,fuckyou_123,1989
euler_euler,_ctrlc_ctrlv,1557,euler_euler,1989
patel_h,lazy_lad_69,1560,patel_h,1989
realrpg,real_rpg,1593,real_rpg,1989
ds_95,ds_95,1604,mr_coder95,1989
akshaywairagade,akshaywairagade2,1647,akshayvijay,1989
srijaygusain,srijay,1709,srijaygusain,1989
Amdadul,amdadul,1749,amdad_16,1989
UshanGhosh,ushanghosh,1994,ushan_ghosh_00,1989
_ctrlC_ctrlV,_ctrlc_ctrlv,,euler_euler,1989
vishalnonsense,clueless100,,vishalnonsense,1989
_S_H_R_E_E_,s_h_r_e_e,,shreerangkchan,1989
AnujJadhav,anujjadhav0215,,anujjadhav,1989
pseudo3101,happyfaces,,coeur_brise,1989
_Kaizer_,_kaizer_,1549,yeamin_kaiser,1988
_xenon,_xenon,1555,samanwaya,1988
parthlathiya,parthlathiya,1603,parthlathiya,1988
parvejmia9,parvej,1668,parvejmia9,1988
K_B_C_S,k_b_c_s,1699,chef_keshav,1988
goyalanubhav11,goyalanubhav11,1861,goyalanubhav11,1988
nikhilhassija,nikhilhassija,1915,nikhilhassija,1988
Shin_Chan,namn,1935,i_am_naman,1988
shango9947,_shango_,2060,shango9947,1988
spacewalker,spacewalker,,danthespaceman,1988
shobhit99924,shubh99924,,shobhit99924,1988
Lelouch_17,lelouch_17,1400,lelouch_17,1987
imdeep2905,zetafunction,1446,deep2905,1987
mukultotla,mukultotla,1534,mukultotla,1987
sparshkedia,sparshkedia,1603,sparshkedia,1987
akshat98,akshat98,1762,akshat98,1987
amitroy7781,amitroy7781,,amitroy7781,1987
aryandosaj,aaryandosaj,,aryandosaj,1987
art_hack,art-hack,,art_hack,1987
AJAY_VAIBHAV,ajay_vaibhav,1584,ajay1999,1986
noah_xyz,loafy,1634,loafy,1986
bk167465,gaming,1767,gaming_123,1986
krishna_0_9,krishna_0_9,,krishna_0_9,1986
drupesh97,drupesh97,,drupesh97,1986
coder_vk,coder_vk,,vaibhav_0318,1986
spiraljava,_spiraljava_,1718,spiraljava,1985
kejriwalawadh,kejriwalawadh,1851,kejriwalawadh,1985
hulkblaster,hulkblaster,1863,aniket_jain,1985
prashantpcm94,prashantpcm94,,prashantpcm94,1985
mayank20,mayank2011,,mayank2011,1985
zalak_b,zalak_b,1448,zalak_b,1984
pranshugarg,pranshugarg02,1457,cod_______yapa,1984
Anish_28,anish_28,1464,a_s_m,1984
kaneki13,silversrayleigh,1658,kaneki13,1984
Tejkiran,tejkiran,1679,tejkiran_v,1984
rajgarg150873,rajgarg150873,1850,rajgarg150873,1984
skull_crusher,skull_crusher,,sandeep200296,1984
Vishisht_2,vishisht_2,,f20180224,1984
priyanshu_28,priyanshu.p,,priyanshu_p_28,1984
wsLord,wslord,1536,wslord,1983
AmitAnand,anand_07,1624,anandamit007,1983
arshdeepsingh,arsh99,1844,arsh99,1983
godwind,xoxo,2198,godwind,1983
destiny_son,madlad,,destiny_son,1983
shobhit907,shobhit907,,shobhit907,1983
yash_chad,yash_chad,,yashx,1983
darkknightrhz,darkknightrhz,1432,darkknightrhz,1982
oreo31,procolonel,1711,procolonel,1982
The_Alchemist,the_alchemist,,porwal_anurag,1982
kushagrapandey,pandeykushagra51,,kushagrapandey,1982
dot0,dot_0,,dot_0,1982
abhishekaman,pertifiedcobra,,pertifiedcobra,1982
roshan09,roshan09,,roshan09,1982
lostmartian,naitramtsol_lostmartian,1196,lost_martian,1981
siddhanthverma1412,verma_sid,1367,priority_coder,1981
hkbhd,hkbhd,1461,hkbhd_113,1981
minki_1616,minki_1616,1473,minki_1616,1981
Saket_Sri,saket_sri,1475,saket_129,1981
__Ayush__,_ayush__,1618,ayush_0220,1981
eltonrawn,rogueninja,1655,eltonrawn,1981
imamit,imamit,1939,imamit,1981
askdfjlas,askdfjlas,2263,askdfjlas,1981
satvik007,satvik007,,satvik007,1981
xt1033,xt1033,,xt1033,1981
mittalprashant,chota,,mittalprashant,1981
parthnanda,parthn,,parthnanda,1981
hyperion_1724,hyperion_1724,2194,hyperion_1724,1980
abbi_18,abbi_18,,abbi_18,1980
Amar277,amar277,,amar277,1980
kitesho,kitesho,,krishnaraj227,1980
ankit_SM,_mafia,1586,mafia_sm,1979
tanay_887537,mishra_tanay,1673,mishra_tanay,1979
utkarshg,iit2015023,1896,utkarshg_1998,1979
divyank_goyal,divyankgoyal,1953,divyankgoyal,1979
amanloading,amanloading,,iam0_1,1979
ayushghd,ayushghd,,ayushghd,1979
tejas01101001,brownietk,,tejas01101001,1979
Hiranmoy_Chowdhury,hiranmoy,,hiranmoy70,1979
Haris,rehpic,,harisisbatman,1979
rajutkarshgupt,,,utkarshg_1998,1979
ayushair1,ayushair1,,ayushair1,1979
hitik,hitik,1873,hitik,1978
NaSaPaKri,nasapakri,,ucantfindme,1978
sankalp_7,sankalp_7,,sankalp_7,1978
leloy,_franz_,,leloy,1978
suri_kumkaran,suri_kumkaran,,suri_kumkaran,1978
msgtoshubham,msgtoshubham,,shu_2806,1978
deadlyvelocity,deadlyvelocity,1518,lightspeed11,1977
ghosh_arkapravo,ghosh.arkapravo,1703,horsbug98,1977
rohanrko,rohanrko96.6,1708,rohanrko96,1977
bhishmaraj,bhishma,1732,bhishma,1977
bhishma,bhishma,1732,bhishma,1977
sam7007,sam7007,1749,sam7007,1977
yogeshk972,yogeshk972,1753,yogeshk972,1977
catchharsh99,catchharsh,1809,catchharsh,1977
shiv1470,shiv1470,1917,shivam_g1470,1977
dCoding,kittarshire,,winxtron,1977
void_pointer_Suman,saisumanchitturi,,suman_18733097,1977
divyeshjivani,divyeshjivani,,divyesh_11,1977
adityakumar,iadityakumar,,ak_aditya,1977
erilyth,erilyth,,erilythz,1977
inishchith,nishchith,,inishchith,1977
bansal_amit,,,dtuguyamit,1977
rchinmay,chinmaymighty,,rchinmay,1977
rishabh_devbanshi123,k_a_k_e,,saint_osama,1977
tarun123,aise,1464,tarunawast_123,1976
mananghetia,mananghetia,1491,mananghetia,1976
shivam2298,shivr1,1573,shivam2298,1976
s29011996,s29011996,1684,s29011996,1976
mvag,_manvirag,1767,manvirag982,1976
ranadev_captainr,ranadev_captainr,,ranadev,1976
rajath_pai,rajathpai,1403,rajath_pai,1975
Chuckie,chuckie,1528,tommy_trash,1975
y0g38h_kum4r,y0g38h_kum4r,1675,yogesh_kumar_m,1975
mayank1601,mayank1601,1695,mayank1601,1975
sqrt_pi,sqrt_pi,1948,sqrt_pi,1975
preda2or,preda2or,,preda2or,1975
mynkgarg,facelessman,,mynkgarg33,1975
amit_839,amit_839,,amit_839,1975
rohitt28,rohitt28,,rohitt28,1975
hkmangla,hkmangla,1413,hemant_1996,1974
SynTaX_Op,srejanbera,1608,srejanbera,1974
Devanshsa5,carbon,1652,devanshsa5,1974
thesixpathguy,thesixpathguy,1673,thesixpathguy,1974
Anubhabghosh,anubhabghosh,1688,anubhabghosh01,1974
robin_0,robin_0,1727,robin_0_chef,1974
Himanshu1125,crimsonred,1826,the_extractor,1974
gts_47,gts_47,1846,gts_47,1974
riz1,riz_1_,,riz1,1974
rjrks,machau,,rachit_1,1974
vaibhav_717,vaibhavmittal635,1562,vaibhav_717,1973
silen_tkiller,ankit_ranjan,1700,ankit_ranjan_,1973
sgaurav411,sgaurav411,,sgaurav411,1973
Mastre,mastre,,mastre,1973
himanshug99,hgwalani81,,himanshug99,1973
PointBlank,pointblank,,point_blank_,1973
kunal_kumar_001,angrajkarn,,angrajkarn,1973
banjobyster,banjobyster,,banjobyster,1973
Abhishek_sz,livu_sz,1480,abhishek_sz,1972
sujeetsawala,kingside,1577,sujeetsawala,1972
dumbape,dumb_ape,1615,theamitks,1972
chris323dude,imposter_1729,1631,tiwaryseth,1972
tech_mint0013,tech_mint0013,1661,tech_mint0013,1972
outmanipulate,outmanipulate,1828,outmanipulate,1972
WIZNAT3R,anunay1605,1851,alphaq2,1972
badmaashRaja,nick_301,,niket_301,1972
pulsar,tushutripathi,,tushutripathi,1972
dante_,dante_,1149,dante_,1971
Megatron,spidy088,1236,rohantirkey_88,1971
wolverine2000,skaty082,1431,rahul0812,1971
vkjha1010,vkjha1010,1541,vkjha1010,1971
saurabhrathi_____12,saurabhrathi12,1927,saurabhrathi12,1971
pushpendra1997,pushpendra1997,1824,pushpendra1997,1970
Prajwal_733,prajwal_733,1892,prajwal_733,1970
go_on,,,go_on,1970
kunal_kadian,kadian_,,kadian,1970
amanhack08,amanhack0976,1411,amanhack08,1969
lakshya7878,lakshya7878,1448,lakshya_7878,1969
deepanshudm11,deepanshudm11,1521,deepanshudm11,1969
vikash_19,vikash_2k19,1565,vikash_2k19,1969
fnf47,fnf47,1689,c0der_,1969
dhruv10050,dhruv10050,1698,dhruv10050,1969
naik01,dolamanee6122,1767,dolamanee6122,1969
akshaymiterani,akshay_miterani,2052,akshaymiterani,1969
ThePtrocanfer,theptrocanfer,2161,theptrocanfer,1969
end83,end83,,endless183,1969
noobiesAG,noobiesag,,codeguptaji,1969
rishabh_2708,rishabh_sethi,,i_am_expert,1969
kaitou_kid_99,xynkt_99,,xynkt_99,1969
fnf,fnf,,c0der_,1969
yaminote,yaminote,1517,yaminote,1968
lapmid,lapmid,1541,lapmid258,1968
shreyas_1510,sketkar,1622,shreyas_1510,1968
pulak15,pulak15,1687,pulak15,1968
preyam,preyam,1927,preyam,1968
ekauraccforcp,coder_monkey,1967,madri_2001,1968
ADJA,adja,,adja,1968
atriwal,atriwal,,atriwal,1968
tk_hacked,tk_hacked,,tk_hacked,1968
Sk_kr,sk_kr,,vascod_4c,1968
Lucky999,,,lone_coder_123,1968
notsoloud,notsoloud,1548,notsoloud,1967
nikhilag2711,striker_killer,1804,nikhilag2711,1967
saurabh_kl,saurabh_kl,,sk_kh5037coder,1967
Akshay_tonde,akshay_12,,akshay_1209,1967
noxious_av,noxious_av,,noxious_av,1967
gyanik_16,gyanik_16,1375,gyanik_16,1966
giteshid,gitesh18,1559,gitesh18,1966
Fiction,fiction,1615,fiction1729,1966
anshumankr001,anshumankr001,1627,anshumankr001,1966
ngochai94,ngochai94,2413,ngochai,1966
Aayush_Goel,yashu,1354,aayush_goel17,1965
andreasw,andreasw,1442,andreasw,1965
aman1045,aman1045,1549,aman1045,1965
jatin821,jatinbajaj2001,1569,jatinbajaj2001,1965
H4wk3ye,h4wk3ye,1621,h4wk3ye,1965
kushagra_20,kushagra1508_20,1647,kushagra15_20,1964
meetjoshi,meetjoshi,1697,meetrockstar,1964
Mn619,mn619,,mn619,1964
anooakv,anooakv,1284,anooakv,1963
vikas8409,vikas_kumar,1669,vikas8409,1963
mustafiz,mustafizurahmed,1726,mustafiz05,1963
shubham107,shubham107,,shubham107,1963
vikas0706,vikas0706,,vikas0706,1963
gabilash,gabilash1104,,gabilash,1963
Anupam_De,anupam.de,,anupam_14,1963
Achintnarang10,achintnarang10,1457,achint5400,1962
c0bra,hot_guy,1607,edward341,1962
gautham227,gautham227,1609,gautham227,1962
v_v__devil,v_v__devill,1627,v_v__devil,1962
swaraj_jain30,happy2000jain,1633,swaraj_jain30,1962
Hrushi_Patel,hrushi_patel_,1639,hrushi_007,1962
dhruvsomani,dhruvsomani,,dhruvsomani,1962
tt89,tt89,,gerald95,1962
forkkr,forkkr,,forkkr,1962
Rajdeep_Maji,rajdeep_maji,1346,crompton,1961
kcodecracker,codephilic,1602,kanstar_1,1961
nipun10,nipungupta37,1762,nipun_30,1961
arnavvats,arnavvats,,lordstargeryan,1961
BharatChandwani,anonymous_holmes,1404,anonymous_holm,1960
hackerakhil,hackerakhil,1422,hackerakhil,1960
pawan_asipu,asipu_pawan,1454,pawan_asipu,1960
SaurabhS_1206,saurabhs1206,1722,saurabhs9913,1960
prafull_vrsh,prafull_vrsh,1727,prafull_vrsh,1960
adhoc_bakchod,adhoc_king,1802,adhoc_king,1960
brainstorm,brainstorm,1844,brainstorm,1960
tanmayc25,tanmayc25,1849,tanmayc25,1960
abisheks,itisnotme,1901,sabishek,1960
puneet_goel,puneet_goel,,puneet_goel,1960
atulrathore,atulrathore,,atulrath8770,1960
devsks,devsks,1289,nicesantosh,1959
helloworld12,noombcomder30,1410,noombcomder,1959
mdnaufalh,mdnaufal.h,1684,naufal,1959
MuruganK,murugank0204,1783,murugank0204,1959
double_o,double_o,1833,ezio_26,1959
vishwasmodi,vishwasmodi,,vishwasmodi,1959
Sumukh_Bhardwaj,sumukh_bhardwaj,,byomkeshbakshy,1959
MyNameIsDynamic,letscode_sundar,,letcode_sundar,1959
HmmOkKewl,hmmokkewl,,human_chan,1959
rajanparmar,rajanparmar94,,rajan_parmar,1959
enif,enif,1316,enif,1958
vanshavenger,vanshchopra101,1399,vanshavenger,1958
anshuman_014,anshu_man,1401,anshu_man,1958
adarsh_sinhg,adarsh_sinhg,1545,adarsh_sinhg,1958
debjitdbb,debjit,1626,debjitdbb,1958
vaibhav2303,vaibhav2303,1629,vaibhav2303,1958
ishu_05,ishu_05,1633,ishu_05,1958
kathan3852,kathan3852,1637,kathan3852,1958
murtaza1112,murtaza1112,,murtaza504,1958
gcoder37,ashanksingh1997,,gcoder37,1958
rock19,rock19,,rock19,1958
bhardwaj_75,bharadwaj75,,bhardwaj_75,1958
smooth_ops,vaibhav1111,,vaibhav2709,1958
rajuknit,rajuknit,,anonymous_b0y,1958
Mayank2602,narang.sunil.07,,imayank,1958
djm_boss,djm_boss,,djm_boss,1958
apoorv17,apoorv17,1382,apoorv17,1957
rishup132,rishup132,1685,rishup_nitdgp,1957
sameep17264,sameep17264,,sameep1,1957
Pie_3,kausar_ahamed,,pie_3,1957
ssaxena36,,,ssaxena36,1957
wowsuchempty,wowsuchempty,,lonercoder101,1957
Anurag1208,neophyte_420,,coder_0073,1957
ayush_nishad,ayush_nishad,1278,ayush_nishad,1956
Zobayer_Abedin,zobayer_abedin,1644,zobayer7,1956
sarthakag,sarthakag,1698,sarthakag12,1956
paresh_501,paresh_501,1715,paresh_501,1956
master_codershiv,shiv_codegen,,coder_shiv7845,1956
shiva_nanda_,shivananda02,,shiva_nanda,1956
Vamshi_2525,vamshi_2525,1419,vamshi_2525,1955
stylebender,noozy,1429,stylebender,1955
jayeshdotcpp,jayesh_shaw,1549,jayesh_shaw,1955
viditk9,casanova_007,1615,viditk9,1955
p_r_a_n_a_v,p_r_a_n_a_v,1697,pranavindalkar,1955
bibhudhendra,bibhudhendra,1734,bibhudhendra,1955
hakr2104,hakr_2104,1920,hakr2104,1955
victorsenam,victorsenam,2149,victorsenam,1955
Jerry_7,,,jerry_7,1955
Akash120501,illegal_orz,,akash_lenka,1955
kishen1912000,kishen19,,kishen1912000,1955
himanshu_0624,himanshu_0624,1291,himanshu0624,1954
dedsec_29,dedsec_29,1470,dedsec_29,1954
raj1238,raj1238,1723,raj1238,1954
MrJ,jnarutoj,2024,jnarutoj,1954
Shubham_1999,shubham_1999,,s_h_u_b_h_a_m1,1954
AkashC17,__say_my_name__,,akashc17,1954
the_beginner,shivams_1,838,the_be_ginner,1953
apt_dpd,unapt_dpd,1238,apt_dpd,1953
NightReage,nightrage,1621,night_rage,1953
pirat3,pirat3,1684,pirat3,1953
ankit_btech,ankit_btech,1766,ankit_btech,1953
tzaph_,tzaph_,2223,maximath_1,1953
guru1603,guru1603,,guru1603,1953
ken_,ken,,ken_,1953
dwij28,dwij28,,dwij28,1953
prateek_28,no_one_is_here,,prateek_28,1953
saichandra721,uttharapally.chandra,,saichandra721,1953
asutoshrana97,asutoshrana,,asutoshrana,1953
pshishod2645,pshishod2645,,pshishod2645,1953
coolrishabh_7,coolrishabh_7,,coolrishabh_7,1953
akchamp,akchamp,1340,akchamp,1952
narayanaditya1007,narayanaditya1007,1472,narayanaditya,1952
code_Or,codor_221b,1568,ronkar,1952
wasteoftime,codor_221b,1568,ronkar,1952
akshatanand186,akshatanand186,1569,akshatanand186,1952
abhinav_2302,abhinav2302,1615,abhinav2302,1952
vatsal2198,vatsal2198,1683,vatsal2198,1952
mohammad7892,mohammad7892,1743,mohammad7892,1952
mehul_02,mehul_02,1766,mehul_02,1952
badbunny,badbunny,1799,akashmanhas235,1952
utkarshh12,utkarshh12,1890,utkarshh12,1952
nprakhar,nprakhar0411,2089,nprakhar,1952
goku192,orange_trie,,khalil192,1952
atulbi,atulbi,1423,atulbi,1951
codechaser,codechaser,1434,codechaser,1951
priyanshutrivedi,priyanshu_trivedi,1639,priyanshu_triv,1951
s_h_shahin,s_h_shahin,2174,s_h_shahin,1951
MuhammedKhedr,muhammedkhedr,,muhammed_khedr,1951
siddharthMishra,siddharthmishra,,sid_star_wars,1951
Anashacken,hackentosh11,,anas_hacken,1951
lakshya200,lakshya21,,lakshya_21,1951
tushargarg,tushar_garg,1436,tgarg281,1950
PealHassan,peal_hassan,1485,peal45,1950
abhi04code,abhi04code,1840,abhi04code,1950
krish_murarka,krish_murarka,,krish_murarka,1950
zyzzsama,zyzzsama,,zyzzsama,1950
rahulrj25,rj25,,rj25,1950
shmabulock,shmabulock,1516,shmabulock,1949
adamantium,adamantium,1616,akash_,1949
dummy1931,akshayakgec,1653,akshayakgec,1949
hellojarvis,hellojarvis,1680,hello_jarvis,1949
BHOLARAM_,toshendra_nitrr,1683,toshendra1,1949
captain_anand,anand_narayan_jha,1736,captain_anand,1949
arayi,arayi,2408,arayi,1949
vivekuchiha,vivekuchiha,,vivekuchiha,1949
aayush_agarwal13,aayush13,,aayush13,1949
priyanshu_sing,priyanshu_sing,,priyanshu_sing,1949
neel0086,neel0086,1295,neel0086,1948
_freak,yashgulani,1656,yashgulani1997,1948
yashjain0333,bitsane,1671,yashjain1611,1948
soumit915,soumit915,1690,soumit_915,1948
yashsoni501,yashsoni501,1873,yashsoni501,1948
kalashshah11,kalashshah11,1913,kalashshah11,1948
techwiz911,techwiz911,1947,techwiz911,1948
hasan_356,hasan_356,,hasan_356,1948
yogi10,yogeshkurmi,,yogi10,1948
Bhola_B2C,bhola_b2c,,bhola_nit,1948
vaibhav_puri,vaibhav_puri,1482,vaibhav_puri32,1947
iggaboi1729,vk1cd314,1487,iggaboi1729,1947
edward26,rsan,1566,edward26,1947
nitesh7065,nitesh.dtu,1683,nitesh202020,1947
ajaymalik,ajaymalik,1757,ajaymalik,1947
debanjan2001,debanjan2001,1790,debanjan2001,1947
_dobby_,_dobby_,,y_malik,1947
vinayak15501,jersyguy,,anandi155,1947
oflocon,flameemperor,,oflocon502,1947
shubham_198sk,shub700,,shubham_k7,1947
sak3t,sak3t,,c0d3h4ck3d,1947
kush159,kush159,,kush159,1947
amanthakur,amanthakur,,amanthakur1,1947
archishmanghos,or-chi,1247,archishmanghos,1946
_nischay11_,_nischay11_,1374,nischay_11,1946
rahulkhairwar,rahulkhairwar,1426,rahulkhairwar,1946
nurdtechie98,nurdtechie98,1474,nurdtechie98,1946
Divyansh_19,divyansh_19,1517,divyansh_roy,1946
vineetjha,vineetjha,1653,vineetjha,1946
benielenoshraj,beniel,1658,benielenoshraj,1946
alphatrance,alphatrance,1794,alphatrance,1946
laplace_3,laplace_3,1929,laplace_3,1946
iprakhar22,iprakhar22,,iprakhar22,1946
mayan_7,mayan_7,,mayan_7,1946
vivekvar_19,vivekvar_19,1441,apj2,1945
sucide,sucide,1446,khatri0026,1945
shubhu1596,shubhu1596,1474,shubhu1596,1945
chirag2505,chirag2505,1715,chirag2505,1945
gurshaan99,gurshaan,1762,gurshaan,1945
newtech66,newtech66,2137,newtech66,1945
ujwal_nayak,un_coder,,un_coder,1945
utkarshkanswal,kanswal123,1290,utkarshkanswal,1944
anonymous_1998,desik,1420,desik_1,1944
SainathTallam,sainathtallam,1437,sainathtallam,1944
hackapie,itti_da,1445,hackapie,1944
the_deadly,the_deadly,1453,lit2018015,1944
shivam_1708,shivam_1708,1504,shivam_1708,1944
abbychamp,aayush_bhat1999,1809,the_rock_007,1944
ravibitsgoa,ravibitsgoa,,ravibitsgoa,1944
old_school,oldschool,,techknight18,1944
jindalji,jindalji,,hjindal,1944
yash56244,yash56244,1418,yash56244,1943
meet05,meet.05,1567,meet_0510,1943
mridulcr7cr7,mridulpandeycr7,1611,mridul_cr7,1943
zark84010,zark84010,1726,zark84010,1943
Ajob_Chiria,ajob_chiria,1771,fifty_third,1943
tanmay_raj_29,tanmay.raj.29,1799,tanmay_raj_29,1943
harshit_ag456,harshit_ag456,1911,harshit_ag456,1943
fog856,fog856,1913,fog856,1943
hiiamayushranjan,hiiamayushranjan,,hiiamayush,1943
patanahi,somyamehta_24,,mehtasomya_24,1943
milan1998,wmgts12,,milan7,1943
harish_dalal,harish_dalal,,harish_dalal,1943
raashid12anwar,,,raashidanwar,1943
rifatentr,rifatentr,1125,rifatentr,1942
rifatentr_2,rifatentr,1125,rifatentr,1942
lakhan_nad,lakhan_nad,1282,lakhan_nad,1942
pankajpoply45,pankajpoply45,1285,pankajpoply45,1942
PartTimeCoder,parttimecoder,1460,subhamhimself,1942
fantom787,fantom787,1490,ambuj787,1942
Uchiha6125,hell0123,1607,warlord234,1942
the_pythor,the_pythor,1612,the_pythor,1942
say_my_name_,say_my_name_,1697,say_my_name_,1942
latus_rectum,sadfasdfdsfsda,1701,latus_rectum,1942
vindicatecode,vindicate_code,1907,vindicate_code,1942
cherry0697,_cherry_,,cherry0697,1942
nishuz,nishuz,,therealnishuz,1942
jayesh_upadhyay,jayesh._upadhyay,,jayesh001,1942
abhishek_2197,abhishek_2197,,abhishek_2197,1942
aadarsh_11,aadarsh_11,,aadarsh_11,1942
ap__singh,ap__singh,1427,noob77,1941
Hritik_45,hritikrbelani,1430,hritikrbelani,1941
ashvertex_,_ashnove,1463,ashvertex,1941
anujsingh14,anujsingh14,1563,anujsingh14,1941
RoronoaZoro,_-pratik_shukla-_,1571,pratik_10,1941
vaibhv_22,vaibhv.22,1614,vaibhv_22,1941
harshvardhan,harshvardhan,1617,vendx_greyback,1941
Kavit_Kheni,kavit_kheni,1652,kavit3010,1941
s5960r,sid,1756,s59_60r,1941
jenishmonpara,jenishmonpara,1775,jenishmonpara,1941
anubhav100rao,anubhav100rao,,anubhav100rao,1941
amitkr100,prajapatiamit76,,amitkr100,1941
cis_pie,cis_pie,,cis_pie,1941
am10,mishi_gun,,am10,1941
flappy,flappy,1140,flappy,1940
h01codespark,h01sachan,1422,hs001,1940
macci,macci,1461,macci,1940
bazzyarora,bazzyadb,1540,bazzyadb123,1940
mr_dot_convict,mr.convict,1552,mr_dot_convict,1940
scoobydoo,scoobydoo,1661,scoobydoo,1940
invincible_0,invincible_0,1675,invincible_0,1940
lohit_97,lohit_97,1683,lohit_97,1940
addu621,smiling_addu,1735,adarshsingh621,1940
mehulagarwal001,20je0561,,mehulagarwal11,1940
codent47,codent47,,codent47,1940
ShubhamRajputCool,tatya_bichu,1133,shubham_raj199,1939
someoneeeee,idiot_owl,1693,idiot_owl,1939
mayureshpatle,mayureshpatle,1776,mayureshpatle,1939
shivashishsuman,shivashishsuman,,shivashish_123,1939
sreshth2001,shenron01,,sreshth01,1939
iamrakesh28,iamrakeshri28,1635,iamrakesh28,1938
rohan03,rohan03,1636,rohan03,1938
piyushrathipr,piyushrathipr,1843,piyushrathipr,1938
enaim,enaim,,enaim,1938
kakashi_099,kakashi_099,,codead_404,1938
hijibijee,hijibijee,,hijibijee,1938
Ritujaryan,ritujaryan,,ritujaryan,1938
Nami_Swan,logue_raider,,prince_vegeta,1938
prasann7676,prasann7676,1443,cap_man,1937
detamos,detamos,1566,deepanshu1398,1937
akshatjain0205,orlon.,1578,orlon,1937
iamishuverma,iamishuverma,1619,imishuverma,1937
nykterstein,nykterstein,1651,nykterstein264,1937
satyam_kr,_satyam.kr_,1715,voldem0rt,1937
rwit,itrwdapan,1816,rwit,1937
prerit2001,prerit2001,1824,prerit2001,1937
nandonathaniel,nandonathaniel,1910,nandonathaniel,1937
meet2mky,meet2mky,,meet2mky,1937
my_blue_luck,my_blue_luck,,my_blue_luck,1937
Omar_Ibn,umar_khattab,,shoaibmohd,1937
Coding_Duke,rahulg96,1439,coding_duke,1936
tirth14,tirth14,1561,tirth14,1936
pSaurabh,psaurabh,1637,saurabh59373,1936
KA_rma,ka_rma,1670,krish_88,1936
akcube,akcube,1684,akcube,1936
ds2405,dsingh_24,1708,dsingh_24,1936
codewiz,codewiz,1740,c0der_ace,1936
Trathz,tsouza,1788,trath,1936
vipin_20,vipin,,vipinyadav_20,1936
Zuciso,zuciso,,zuciso,1936
anubhav112,gotrunks,,anubhav_7,1936
shivansh100,shivansh100,,shivansh100,1936
devendra7700,devendra7700,,devendra7700,1936
d_rushabh,d_rushabh,1277,d_rushabh,1935
cenation092,cenation092,1466,cenation092,1935
aditya999123,aditya999123,1495,aditya999123,1935
aman035,tech_shot,1498,codebreakerag,1935
tsaraf,tsaraf,1542,tsaraf,1935
amit_dwivedi,amit_dwivedi,1557,amit_dwivedi,1935
Sunil_Kumar9461,sunil_kumar9461,1562,sunil_kumar946,1935
aditya_01,aditya_01,1672,aditya_0,1935
blair_,blair_,1734,blair_,1935
Vitz,vitz,1809,vitz_6,1935
hrithik_v,hrithik_v,1986,hrithik_v,1935
AJ47,aj47,,abhas_j,1935
sourabh54singh,sourabh54singh,,sourabh54singh,1935
hahahahaha,harpreet1237,,harpreet1_237,1935
incognito_nag,kar98k,,incognito_nag,1935
Prat_2401,prat21,,pratgupta21,1935
icesaver,icesaver,,icesaver,1935
akashraj_97,ars.150697,1268,akashraj_97,1934
saurabh119,saurabh119,1412,saurabh119,1934
programmer765,programmer765,1426,programmer275,1934
ab47,ab47,1539,ab47,1934
crakesh27,c.rakesh27,1547,crakesh27,1934
yb4singh,y.b.singh159,1600,yb4singh,1934
ddexter_12,ddexter_12,1601,exter_12,1934
sanketrai,sanketrai,1607,sanketrai,1934
TejaMeraNaam,prakalpshakya31,1712,tejameranaam,1934
zxcv_1,zxcv_1,1785,zxcv_1,1934
vivek08,vivekramnani,1838,vivekramnani08,1934
bvd,bvd,2066,bvdung,1934
krm24,krm24,,krm24,1934
findeasy,findeasy,,codechefrishu,1934
biggydbs,,,biggy_bs,1934
hungryever,xmore,1421,merr,1933
XMORE,xmore,1421,merr,1933
MrHITMAN,mr.hitman,1424,mr_hitman,1933
ashishdwi99,ashishdwi99,1666,ashishdwi99,1933
prabhav_,prabhav_,1682,prabhav_,1933
Tasnim,tasnim,1723,tasnimjubaier,1933
oshhh,_oshhh_,1983,oshhh,1933
MarioPariona117,mariopariona117,,maestro_koldo,1933
sbh69840,shiv_99,,sbh69840,1933
z1_43,z1_43,,z1_43,1933
ashu_3916,ashu_3916,1437,ashu_3916,1932
JayShah,jayshah610,1862,jay610,1932
ankit572000,ak_718,1494,ankit572000,1931
incognito,incognito123,1626,practice_6271,1931
gaurav_512,gaurav_512,1739,ahambrahmasmi,1931
bertho_coder,tube_light,1968,bertho_coder,1931
bnslakki,bnslakki,,bnslakki,1931
ambuj2512,ambuj00,,ambuj00,1931
sankushgupta99,sankushgupta99,,sankushgupta99,1931
bhayanak_atma,hozaifa11,1043,bhayanak_atma,1930
P__i_y_u_s_h,piyush_2.0,1512,p_iyush_14,1930
pops1cle,pops1cle,1629,pops1cle,1930
qazwdx,qazwdx,1782,qazwdx,1930
Darkpsychic,darkpsychic,1813,darkpsychic,1930
zeus_iitg,zeus_iitg,2120,roman_emperor,1930
Cursed_Ninja,cursed_ninja,,shivam23434545,1930
akshayv3,mlv68,,akshayv3,1930
aman36,aman36,,aman3245,1930
apoorv024,apoorv024,,apoorv024,1930
shivamchef,shivam828787,,shivamchef,1930
Rushu_9978,rushu,1238,rushu_28,1929
C_Rushu,c_rushu,1299,rushu_28,1929
Rahul_Thakur,rahul_thakur,1444,rahul__thakur,1929
Lost_Arrow,lost_arrow,1449,lost_arrow,1929
papan_97,crosshair777,1535,papan_97,1929
krishwish,krishwish,1664,thekrishwish,1929
toretto_,h4ckom,1735,domnic,1929
confused_souls,confusedsouls,1947,arijitiit,1929
Kryoto_Ray,krypto_ray,,ujjwal_011,1929
tapankumar,lonelyman,,abysswalkerr,1929
kalyan_005,k_tourist,,kalyan_005,1929
faraday_anshul,-faraday_anshul-,,faraday_anshul,1929
awasthishubh,awasthishubh,,awasthishubh,1929
Nit1n,nit1n,1413,nit1n,1928
Liad,noctambulant,1492,poison08,1928
aanchal204,aanchal_204,1506,aanchal204,1928
gopikrishna000,gopikrishna000,1542,gopikrishna000,1928
Surana,optimizer,1608,shadow__007,1928
aditya,aditya18,1608,volatile_,1928
jashr_123,jash_ranipa,1615,jashr_123,1928
manishsharma__,manishsharmaa__,1641,manishsharma__,1928
AA18,_aa_,1663,aa18,1928
typewriter999,typewriter999,1793,typewriter999,1928
WeirdBugsButOkay,weirdbugsbutokay,1905,shriram_c253,1928
intruder_p,intruder_p,,intruder_p,1928
Aman_Kumar_20,apcode15,,apcode15,1928
AsktoAjinkya,asktoajinkya,,ajin_30,1928
saurabhshadow,saurabhshadow,,saurabhshadow,1928
shikhar1020jais,,,shikhar_jais,1928
kuldeepfouzdar,kuldeepfouzdar,1253,kuldeepfouzdar,1927
csevirua,csevirus,1375,csevirus,1927
aditya_stop_stalk,aditya9660sharma,1417,aditya_9660,1927
pratik8696,pratik8696,1446,pratik9686,1927
n0_0,namandamani3112,1455,n0_0,1927
GabrielCamargo,gabrielcamargo,1531,gabrielcamargo,1927
say_ch_ee_zz,say_ch_ee_zz,1616,say_ch_ee_zz,1927
akshay_12001,akshay_12001,1805,akshay_12001,1927
pratikpugalia,pratik.pugalia,,pratikpugalia,1927
jayeshasawa001,jayeshasawa001,1438,jayeshasawa001,1926
nayakashutosh9,nayakashutosh9,1522,l_o_s_e_r_9,1926
mahade31,mahade31,1602,mahade31,1926
by_kutbilim,by_kutbilim,1634,by_kutbilim,1926
Valkyrie006,valkyrie006,1688,valkyrie006,1926
Rahul990,rahul990,1834,rahul990,1926
LunaticBoxer75,aniketsangwan,1899,aniketsangwan3,1926
EAbdel,lemotherfuckereabdel69,,eabdel,1926
rohitkumar0510,rohitkumar0510,,rohit05102002,1926
bisht_ash,bisht_ash,1438,ashwat_b,1925
rajhritik,rajhritik,1496,rajhritik_0007,1925
shivam24a_,backbencher24,1628,shivam24a_,1925
yfo,yfo,1682,muto,1925
ishan,ishan.nitj,1709,ishan_nitj,1925
ashutosh_bang,ashutosh_bang,1734,ashutosh_bang,1925
lanuk,lanuk,,lanukk,1925
piyushmittal25,piyushmittal25,,pharry,1925
Riddho,riddho,,riddho,1925
tmuttaqueen,t.muttaqueen,,t_muttaqueen,1925
Ved_Bhatawadekar,redved,1335,vedcb2001,1924
AA_nairobi,akhil.arza,1500,john_981,1924
pratkpranav,pratkpranav,1548,pratkpranav,1924
mrsac7,mrsac7,1555,mrsac7,1924
nikhil_chopra,nikhil_chopra,1673,nikhil256,1924
samraj2k,ethane,1682,samraj2k,1924
vichitr,vichitr,1977,vichitr,1924
ishabhray,ishabhray,1996,rishab_h,1924
trailblazer995,trailblazer995,,trailblazer995,1924
nishantc279,nishantc279,,nishantc279,1924
hpotter97762,hpotter97762,,hpotter97762,1924
cpmonster,reikiriyama_red,,ayasherayasher,1924
Anurag__,anurag_20,1354,anurag_20,1923
laxmi_kanth,laxmi_kanth,1449,laxmi_kanth,1923
Abhishekverma7887,abhishekverma7887,1451,abhisek_12345,1923
BhagyaRana,bhagya_rana,1472,bhagya_rana,1923
uk96,uddeshkadu,1565,uk96,1923
akshayjadhav7670,akshayjadhav7670,1661,ajstyles_7670,1923
anil_1,anil_1,1779,anil_7,1923
ishaanmandhar,ishaanmandhar,,ishaanmandhar,1923
srd091,srd091,,srd091,1923
Gautam_Shankar,damon2598,,alpha_better,1923
fardeen123,ss7890,,fardeen123,1923
AbhinavBisht,abhinavbisht,,abhinav_bisht,1923
ragwave77,ragwave,,ragwave77,1923
ragwave,ragwave,,ragwave77,1923
vijayiota,vijayiota77,1446,vijayiota77,1922
tapan_goyal,evil__coder,1483,tapan_goyal,1922
sksingh,sk_singh,1494,sk_singh,1922
chawla_harsh,chawla_harsh,1501,chawla_harsh,1922
fight_till_end,hacker_mayank,1532,marijuana_loge,1922
saintpopo,saintpopo,1575,saintpopo,1922
jamesbond007nhihu,saintpopo,1575,saintpopo,1922
prince_codes,aspirer-23,1617,prince_codes,1922
aanupam29,aanupam29,1622,aanupam29,1922
shbhm_5301,shbhm_5301,1642,shbhm_53,1922
ved77,ved_rajpoot,1645,vedpratap_77,1922
Yagnik_Shingala,pointer,1776,shingalayagnik,1922
samfisher,samfisher,1828,samfisher,1922
mridul_1809,mridul1809,1910,mridul1809,1922
AboAbdoMC,dr.dendro,2095,b4n4n4s,1922
shubhankarrr,shubhankarrr,,shubhankar_99,1922
aasom143,aasom143,,aasom143,1922
apoorva222g,apoorva222g,,apoorva222g,1922
katil_coder,jvj_iit,,jvj_iit,1922
tarun8299,tarun8299,,tarunsharma82,1922
karandeep09,karandeep09,1350,karandeep09,1921
neel71,neel71,1489,neel71,1921
shubham1428,shubham1428,1564,shubham_1428,1921
hafiz_samrat,hafiz_samrat,1582,hafiz_samrat,1921
shounak_dey,shounak,1603,dylandey,1921
hj007,hj007,1605,hansil007,1921
eng_hardik,eng_hardik,1640,eng_hardik,1921
adventurer,shivansh5,1721,shivansh_5,1921
gtpan77,gtpan77,1933,gtpan77,1921
devanshuraj226,devanshurj226,,devanshuraj226,1921
arpit_bhatt,__brownsand,,brownsands,1921
amandal799,amandal799,,amandal799,1921
kurzgesagt,kurzgesagt,,anmolgarg3112,1921
hars_123,hars123,,hars123,1921
tushar_1997,tushar_1997,1592,tushar1252,1920
tusharjain0022,tusharjain0022,1603,tusharjain0022,1920
bhavya2921,bhavya2921,1605,bhavya2921,1920
yjgarg,yjgarg,1638,yjgarg,1920
abhishhh1,abhishhh1,1795,abhishhh1,1920
aps554,aps554,1905,aps554,1920
paramk,paramk,1943,paramk,1920
ENIAC,gaurav_2000,,gaurav_2000,1920
shaikhitdin,shaikhidoner,,shaihitdin,1920
ethanhhunt,ethan,,dmishra225,1920
joney000,joney_000,,joney_000,1920
dbhrockzz,dbhrockzz,,dbhrockzz1,1920
Trans_former,trans_former,1397,transformer16,1919
Ser_Manish,ser_manish,1604,ser_manish,1919
suvidsahay,suvidsahay,1624,suvid,1919
Sudeep9167,sudeepsinghgill,1640,sudeep9167,1919
devil_17,devil_17,1654,devyash17,1919
MartyByrde,martybyrde,1771,mittal_ritvik,1919
katana_handler,katana_handler,1843,katana_handler,1919
sudoSieg,sudosieg,1897,sudowin,1919
raghavjha3311,raghavjha3311,1965,raghavjha3311,1919
shivangchopra11,shivangchopra11,,shiv11chopra,1919
supernaruto16,supernaruto16,,supernaruto16,1919
Faizu,zaiaf_rahman,1272,faizu1,1918
_Dark_Knight_,ayushman_500,1370,bahuguna32,1918
manishkc,manishkc,1451,manishkc,1918
HustleAura,hustleaura,1489,hustle_aura,1918
kelvin_0179,kelvin_0179,1552,kelvin_0179,1918
harshitranjan,harshitranjan,1582,harshitranjan,1918
AkM,real_akhil,,real_akhil,1918
aagamjain04,aagamjain04,,aagamjain04,1918
rakib_mist,rakib56,,rakib56,1918
IMTanwir,tanwir2912,1720,tanwir2912,1917
vishal_shrivastava,vishalshrivastava,1750,vishu50,1917
Harsh_Vora,harsh_vora,1786,harsh_10101,1917
ankit0905,ankit0905,1900,ankit_0905,1917
maknunlakme,maknunlakme,,maknunlakme,1917
Yash_dn,yash_dn,,grumpyyash,1917
Mukulravi003,mukulravi3,,mukulravi003,1917
eviebot,eviebot,,eviebot,1917
Eunoia_1729,kumarraju,,eunoia_1729,1917
scorpion_ajay,scorpion_ajay,,scorpion_ajay,1917
shriram_pareek,shrirampareek888,,rage_king,1917
h1teshtr1path1,h1teshtr1path1,1487,hiteshtr1path1,1916
varungambhir,varun95,1492,varungambhir,1916
the_unseen,the_unseen,1608,the_unseen,1916
anubhabishere,anubhabcodes,1627,anubhabishere,1916
shahed95,shahed_ahmed,1761,shahed95,1916
mamun4122,mamun4122,1921,mamun4122,1916
Ahmedelsisy,ahmedelsisy,1939,ahmedelsisy,1916
nuclode,nuclode,,nuclode,1916
code_guy22,code_guy22,,code_guy22,1916
abhishak69,abhishek945,,abhishek945,1916
sbansalcs,sbansalcs,,shivam312,1916
Karankamboj,karankamboj,,karankamboj,1916
HighVoltage,highvoltage,,paul_souvik,1916
Chamo,chamo,,chamo,1916
shubh_965,sure_124,,sbpagire965,1916
mrvikash31j,mrvikash31j,1486,mrvikash31j,1915
shaurya024,shaurya024,1508,shaurya024,1915
Genos,genoss,1516,satya_vart,1915
ishwarendra,ishwarendra,1618,ishwarendra,1915
mdazmat9,mdazmat9,1641,mdazmat9,1915
mightymercado,mightymercado,1677,mightymercado,1915
jagreetdg,v01diejesuzz,1683,jagreetdg,1915
parmjeet5,jaketyler,,parmjeet5,1915
dharmaraj_82,dp_82,,dp_82,1915
Anirban_2000,breaking_code,1437,anirban_2000,1914
mostafa_abdullah,mostafa_abdullah11,1561,mostafa_11,1914
suraj279,suraj2792,1615,sinsinwar_code,1914
akshay2411,akshay2411,1652,akshay_2411,1914
ashutosh_aks,ashutosh_aks,1925,ashutosh_aks,1914
bharat2002,bharat1756,2102,bharat2002,1914
sp19,sp19,,sp19,1914
i_love_iash,cannabutter,,abhihacker02,1914
tyagi_abhishek,tyagi_abhishek,,tyagiabhishek,1914
lx_lovin,,,devil088,1914
Kkrishna_19,kkrishna_19,1458,kkrishna_23,1913
shaurya_upd,shyamshaurya.upd,1588,shaurya_upd,1913
tarun_,tarun_,1678,tarun_,1913
eskimo,avi-01,1946,a_coder_hack,1913
Sid03,sid03,,siddharthsahay,1913
meetpr8,meetpr8,,meet_2301,1913
deepanshu_,dj46,,unleashed2018,1913
Vk_76,vk_76,,vk_76,1913
subashmanohari,subashmanohari,,subash1,1913
DagarNsit2016,dagar,1450,n1n1_4,1912
heiisenbergg,heiisenbergg,1483,heisenbergg,1912
lone_star,lone_star,1488,lone_star,1912
v_legend,infinite_void,1624,v_legend,1912
rkr_725,rkr_725,,rkr_725,1912
stardex,stardex,,vedika31,1912
choudharymohit,the-coderx,,choudharymohit,1912
hitanshu_mehta,hitanshu_mehta,,hitanshu_mehta,1912
ju_c_anik,ju_c_anik,1479,cju_anik,1911
kaneki99,kaneki99,1573,kaneki99,1911
syed,roet,1608,roeticvampire,1911
morphine7273,baymaxx,1649,tanmoy_datta,1911
tushar666666,tushargupta,1747,tushar666666,1911
shivam04,shivamshekhar010,1858,shivam_0410,1911
yefri97,yefri97,,yefri97,1911
Prabhakar,prabhakar_987,,prabhakar_987,1911
sunil786,sunil786,,sunil786693,1911
xdoodler,sohamchakrabarti,941,nuttela,1910
ashcode0605,ashcode0605,1385,ashcode0605,1910
sid_somani,sid_somani,1387,sid_somani,1910
tonymontaro,tonymontaro,1505,tonymontaro,1910
yadavrohit175,yadavrohit,1574,rohityadav175,1910
shukrant,shukranttyagi,,shukrant,1910
ashutosh3027,ashutosh3027,,ashutosh3027,1910
Avalokitesvara,avalokitesvara,,avalokitesvara,1910
ashuthe1,ashutoshthe1,1366,ashuthe1x,1909
jahid_ict,basic_jahid,1383,jahid_couict,1909
abhi11610192,abhi10001k,1617,abhi10001k,1909
namanbansal013,namanbansal013,1736,namanbansal013,1909
kumargauravsingh,kumargaurav,1873,kumargaurav14,1909
Towfiq379,2fq,,towfiq379,1909
girinandan_07,girinandan_07,,girinandan_07,1909
rusted,acin1go,,aayush1998,1909
bishopmate,sam000013,1195,sam000013,1908
bparul7,bparul999,1436,bparul,1908
viv_shubham,viv_shubham,1646,viv_shubham,1908
rsalesc,rsalesc,2113,rsalesc,1908
aya_cool,aya_cool,,aya_cool,1908
itsmesumit,proxcoder,,sumitj_,1908
shrabana99,,,shrabana99,1908
syROCKS,sy3041432,,sameer304,1908
Sameer_Mann,sameer-mann,1415,sameer_mann,1907
timer_011,timer_011,1578,timer_011,1907
Dhruv_Vavliya,dhruv_vavliya,1610,dhruv_vavliya,1907
soul_iconic,soul_iconic,1668,soul_iconic,1907
devangarora,devangarora,1685,devangarora,1907
Rakibul_Hossain,wolve_rine,1772,rakibulhossain,1907
Himadri_Nath,himadri765,1930,himadri765,1907
himadri_coder,coder_himadri,1930,himadri765,1907
aman_goyal,aman_goyal,,aman_goyal0302,1907
devkumar123,devkumar123,,devkumar123,1907
marcos_99,marcos_999,,marcos_99,1907
coder_31,_ankit_31,1419,coder__31,1906
jha_gaurav98,jha_gaurav98,1519,jha_gaurav98,1906
RandomNumber,randomnumber,1526,divyansh_io,1906
vashistha_10,vashistha,1586,vashistha_10,1906
prateek3110,prateek3110,1592,prateek3110,1906
Shashank_sing,shashank_sing,1615,shashank_sing,1906
apurv_19,apurv_19,1637,apurv_19,1906
yash30201,yash30201,1704,yash30201,1906
arushi309,arushi309,1822,shadow_3074,1906
astroash,astroash,1954,astroash,1906
yotin,yotin,1986,yatinarora98,1906
AKaan37,a.kaan37,,rlukaku37,1906
devadon,pyth_always_tle,1289,devadon2020,1905
deepak290701,half-bl00d-prince,1384,deepak290701,1905
sanket2000,sanket,1385,sanket2000,1905
vaibhav066,gangilvaibhav,1409,vaibhav066,1905
i_m_abhijit,i_m_abhijit,1453,i_m_abhijit,1905
aquib787,aquib786,1518,aquib786,1905
shadow_97,ayushgupta1997,1646,ayushgupta1997,1905
harshlunagaria,harshlunagaria,1725,harshlunagaria,1905
teju2003,teju2003,,teju2003,1905
yashbafna04,yashbafna04,,bafnayash,1905
akshay_dgp01,appu_nitd,1590,akshay_dgp01,1904
Karan_Bishnoi,karan_bishnoi,1652,karan_bishnoi,1904
pikapika00,pikapika00,1654,pikapika00,1904
sundesh,sundesh,1679,sundesh,1904
chenmark,chenmark,2245,chenmark,1904
fastboot,fastboot,,fastboot,1904
aravind95,aravind2015,,aravind95,1904
AneeshAtkuri,aneesh.atkuri,,atkurianeesh17,1904
chetanpatel003,chetanpatel003,1369,chetanpatel_3,1903
Night_guy,phunsuk_wangdu_rancho,1625,itachi_uchiha8,1903
dynamite_iit,dynamite_iit,1662,dynamite_iit,1903
quax_ms,msk_4all,1681,dumb_22,1903
manmohan_trivedi,manmohan_trivedi,1765,coder_daddy97,1903
ahmad_salah,commando_,,ahmad_salah,1903
slayer35,viper35,1279,anhiks,1902
ignacio,thetoshit,1317,ignacio,1902
darkprinx,darkprinx,1340,darkprinx,1902
ssri0703,sanskarsri,1369,ssri0703,1902
vaibnak7,vaibnak7,1437,vaibnak7,1902
saint_tech,shreysharmamarch,1612,shrey_sharma1,1902
rajkumar62506,rajkumar62506,1653,rajp62506,1902
lakshaykumar0510,lakshay05,1757,lakshay0510,1902
lakshaygpt28,lakshaygpt28,,lakshaygpt28,1902
s_da_sailor,s_da_sailor,,s_da_sailor,1902
little_mod,little_mod,,wahid2k14,1902
riddle_7,riddle_7,,riddle_7,1902
tariqhasan,trqrizu,,trqrizu,1902
vedipen,vedipen,,vedipen,1902
chill21,chill21,1621,karikjoshi21,1901
Good_for_nothing,mere_learner,1627,good4nothing,1901
gaurav708,gaurav708,1856,gaurav708,1901
cunbidun,mtvtm,1906,cunbidun,1901
xxxxxxxxxxxxx,pyder_,,aquantis,1901
k3shav,k3shav,,keshavreddy,1901
chocoton,snest21,,snest21,1901
amrendra18,,,thecodegame,1901
tapariaankit,,,tapariaankit,1901
KharYusuf,kharyusuf,2153,kharyusuf,1900
hrishabhkamal,vito_39,,vito_39,1900
crenoel,frontpage,,nishantsahu961,1900
iamprayush,iamprayush,,prayushd,1900
amitruler,amitruler,,amitruler,1900
Singlanavya,singlanavya,,coding_flash,1900
Jabed_Dhali,jabed_dhali,1224,jabed_dhali,1899
yash_ishu,try_fail_learn_repeat,1301,far_from_noob,1899
manavkush,manavkush,1396,manavkush,1899
milind_sharma,milind_sharma,1612,milind_sharma,1899
southpole01,south_pole,1664,south_pole,1899
abhi_jeet,coding_bandit,,abhi_jeet09,1899
dark_geek,-madmax-,1442,nam0,1898
Apu_Hasan,n..h..a,1689,apu_hasan,1898
nikhil5128,nikhil_5128,1748,nikhil_301998,1898
Joker01,joker_03,,joker_01,1898
arron_tij,pied-piper,,red_velvet615,1898
zeeshan12,zeeshan12,,zeeshan12,1898
zug,shn271,,shn271,1898
vk,vinayk,,vinayky,1898
amarveer,amarveer,,amarveer,1898
shivshankar8,shivyshiv,1339,shivshankar8,1897
pawan_29,pawan_29,1554,pawank_29,1897
nilesh8757,nilesh8757,1625,nilesh8757,1897
abhinav1996,abhinavaggarwal,1678,abhinav1996,1897
disasteroid,disasteroid,,disasteroid,1897
dusht1408,dusht0814,,dusht0814,1897
ansh_001,ansh_001,1444,noobinprogram,1896
Ksathwik03,ksathwik03,1487,ksathwik03,1896
Sri_Ram,ram_24,1496,ram_24,1896
sumit9311,sumit9311,1527,sumit9667,1896
jainadit67,jainadit67,1604,jainadit67,1896
piyushkumar3444,piyushkumar344,1686,piyushkumar344,1896
satwik2708,satwik2708,1754,satwik2708,1896
mithileshkarnati,mithileshkarnati,1813,mithilesh_8055,1896
aditya0699,uliveonlyonce,,codewith_adi,1896
soc3,soc3,,soc3,1896
nexus_18,nexus_18,,nexus_18,1896
Asajil,Aunt,,sejjil,1896
Taran,taran106,,taran106,1896
mujtaba1747,mujtabax,,mujtaba1747,1896
coder_maddy,mr_pluto,,himanshu_romeo,1896
zephyr_23,zephyr_23,,zephyr_23,1896
ekansh9927,ekansh9927,1480,ekansh9927,1895
ceejay,ceejay,1500,ceejay,1895
d33pc,d33pc,1578,print_asap,1895
codinator,codinator,1640,codinator,1895
steinum,steinum,1934,steinum,1895
arpit_pro,m_scofield,,m_scofield,1895
Sawan73,sawan73,,sawan_patel,1895
inzamam_inz,inzamam_inz,,inzamam_inz,1895
vaibhavjaimini,vaibhavjaimini,,vaibhav227,1895
mugiwara_ya,mugiwara_ya,,dungeonmasterr,1895
la_flame,roronoaxoro,,la_flame_,1895
apaar_97,apaar_97,,apaar_97,1895
ak2006,ak2006,,ak2006,1895
st3inum,steinum,,steinum,1895
Mayankg20,mayankg,,mayankg20,1895
_abhinavpraksh_,phantom_79,1220,abhinav_526,1894
Pj28105,pj28105,1462,piyush28105,1894
adi_7861,adi_7861,1493,adi_7861,1894
vdua447,vdua447,1493,vdua447,1894
_aaRPee_,infinite_dive,1547,rudra4365,1894
tan_delhi,tan_delhi,1587,tan_delhi,1894
ritikesh1999,ritikesh1999,1604,ritikesh1999,1894
daffodildiku,daffodildiku,1621,daffodildiku,1894
Ned_Stark,madmin2619,1719,mintu_agarwal,1894
angiras,_angiras_,1919,peaky_menzor,1894
devace,devace,,leo10,1894
bernett,bernett,,koolboy,1894
abhinav526,prkashabhinav,,abhinav_526,1894
akulgoel96,akulgoel96,,akulgoel96,1894
Sameer_Raj,sameer_raj,1404,sameer_0820,1893
adarsh_goswami,adarsh_goku,1482,makaunochiippo,1893
vazzup,vazzup,1494,vazzup,1893
JAYPEE,jaypee,1551,jaypee1996,1893
ddevbrat,ddevbrat,1570,ddevbrat,1893
Sprdalo,sprdalo,,sprdalo,1893
pratims10,pratims10,,in_sane19,1893
akshayGupta,akshaygupta26,,akshaygupta26,1893
r_tron19,r-tron18,,roushan_17,1893
prrateekk,prrateekk,,prrateekk,1893
abhisheks008,,,abhikdkdodn100,1893
Chirano,hypothecate,,rata,1893
Ab_has,ab_has,,abhasabhirup15,1893
gunjal_a_b10,,,akashgunjal,1893
seedhemaut,shubhamkaushik,1265,seedhemaut,1892
AnuragGarg,anuraggarg,1418,anurag_garg3,1892
rumit0406,lordhokage,1598,rumit0406,1892
ashishkr23438,ashishkr23438,1802,ashishkr23438,1892
kartik19,kartik19,1882,kartik19,1892
steam_giant,steam_giant,1916,s_govindbalaji,1892
nifasat_b,nifasatbeg,,nifasat,1892
ode_to_code,ode_to_code,,amit_cool,1892
mayank_patel,mayankmp1224,,mayank_mp,1892
shivam1297,shivam1297,,shivam1297,1892
samyak047,samyakjain,,sam047,1892
shubham04yadav,rao_shubham,1402,rao_shubham,1891
MAXXER_17,maxxer_17,1464,maxxer17,1891
mastik5h_1998,bitman_123,1487,bitman_123,1891
samarth1402,samarth1402,1521,samarth1402,1891
AlveRahman,alverahman,1527,alve2000,1891
anupiiitd,anup_iiitd,1598,anupiiitd,1891
pk1411,pk1411,1601,biscooot,1891
coder215,sasuke-u,1673,coder215,1891
codedreamer_dg,_codedreamer_dg_,1674,codedreamer_dg,1891
nandinij15,nandinij15,1792,nandinij15,1891
yusufsholeh,24434,2203,yusufs,1891
tanmay2904,tanmay2904,,tanmay2904,1891
Kruti_20,kruti_20,,kruti_20,1891
heisenberg66,heisenberg66,,heisenberg66,1891
FullMetal1331,_saksham_t_,,fullmetal1331,1891
cypher14,cypher14,,cypher14,1891
Ashish_Lal,ashish,,noobie27,1891
DrakAsh,prako_87,,prakhar_87,1891
atanughosh01,atanughosh01,1089,atanughosh_01,1890
ravi59,geeky_insane,1384,greedy_gaffur,1890
rashish15,rashish_15,1458,rashish_015,1890
rh_sgh,kgp_168,1493,kgp_168,1890
AnonySharma,anonysharma,1628,anonysharma,1890
Chintan_savaliya,chintan_savaliya,1683,chintan_295,1890
Goat_cd,avl_trivial,1717,pranay100,1890
tonmoy71,prophet_ov_darkness,1726,tonmoy_71,1890
sudarshann,sudarshann,1762,suddu_001,1890
avvinci,greedy_me,1911,avvinci,1890
Kabeer27,kabeer27,2102,kabeer27,1890
gagan2001,gagan2001,,gagan2001,1890
sherlock8696,sherlock8696,,sherlock8696,1890
sahil_savaliya,sahil_savaliya,,sahil110310,1890
kapil16garg,kapilgarg2k21,,kapil16garg,1890
tejustiwari,tejustiwari,,tejustiwari,1890
vk48962713,vk48962713,,vk48962713,1890
arpit_gupta17,arpit_gupta17,,arpitg17,1890
ashwini,ashwini_jais,,ashwini_jais,1890
hemant_dhanuka,hemant_dhanuka,1274,hemant_dhanuka,1889
shailesh_yadav,xclued_error,1310,shailesh_1111,1889
deep3072,deep3072,1323,deep3072,1889
zoombee,ha_c_king,1331,ha_c_king,1889
sarwar,zlatan_05,1417,sarwar05,1889
absolutezero,absolutezero,1486,absolutezero,1889
falcon2212,ironman2212,1546,falcon2212,1889
dickynovanto1103,dickynovanto1103,1558,dickynovanto,1889
khalilw1,tatara,1753,khalilw1,1889
sandip_jana,sandip_jana,,sandip_jana,1889
ankush_953,ankush_953,,ankush_953,1889
Udit2509,uditkhemka,,uditkhemka,1889
coder_Aditya_404,coder_aditya_404,1320,samay_kam_hai,1888
shivansh_257,shivansh_257,1653,shivansh7,1888
SamyakSinghania,samyaksinghania,1657,samyaksinghani,1888
i_m_arin,i_m_arin,1667,i_m_arin,1888
linkret,linkret,1918,linkret,1888
nik7,nikhacks,1934,nikcodes,1888
kushb30,kushb30,2108,kushagraban603,1888
iampotter_1965,deepeshbhatt,,lazycoder_1965,1888
hritik3878,hritik3878,,hritik3878,1888
Mukul202,mukul202,,mukul202,1888
whiteshadow98,whiteshadow98,,whiteshadow98,1888
noobie24,noobie24,,imak24,1888
pandey_animesh,pandey_animesh,,pandey_animesh,1888
pranavkhairnar,shinjo,,joey_tribianni,1888
sam__sys,ucandoit,,sk_y,1888
b45h,b45h,,vcode11,1888
aditi,aditi.,1412,adiii26,1887
kunal_010,kunal-010,1593,kunal_010,1887
WinnieThePooh,grey_matter,1606,divyanshhardia,1887
AnshulG,anshulg,1730,anshul16227,1887
faraday_vij,faraday_vij,1805,faraday_vij,1887
ayushagrwl,ayushagrwl,,ayushagrwl,1887
avishkarhande,avishkarhande,,avishkarhande,1887
alokk6618,alok_k6618,,alokk6618,1887
Rock2000,rock2000,,rock2000,1887
adisava,adisava,,adisava,1887
rg99,rg99,,rahulgrover99,1887
ashish_nhk,ashish_nhk,,ashish_nhk,1887
sandeshghanta,sandeshghanta,,sandeshghanta,1887
Adriraj,adrirajc,,diablo_7,1887
sumitks866,sumitks866,1092,sumitks866,1886
Ghayth,ghayth.moustapha,1357,ghaythmoustpha,1886
princeMishra,princemishra,1367,princemishra,1886
muneur,dan04,1418,dan04,1886
b_2_k,b2kumar,1441,b2kumar810,1886
may_007,may_007,1443,geekmayank,1886
ankit_2305,ankit_2305,1459,ankit_2305,1886
akathil,akathil,1964,akathil,1886
t_bone_289,t_bone_289,,t_bone_289,1886
ayush_dragneel,ayush_dragneel,,ayush_dragneel,1886
hreart,rabsun_iv,,rabsun_iv,1886
iamharsh,harshyd,,harshyd,1886
shubhscoder,scube97,1376,shubhscoder,1885
ekeshwarj5,ekeshwarj5,1399,ekeshwarj_5,1885
000coool,000coool,1530,o00coool,1885
rohit_ag14,rohit_1402,1608,rohit_ag14,1885
lucifer49,mahim_mittal,1613,mahim01,1885
potter1024,potter1024,1642,potter1024,1885
razwee,razvan2k19,1746,raszvan,1885
sg1998,ghoshsujoyiitg,1831,sghosh19,1885
May-00,May-00,,May-55,1885
shubhamandro,shubhamandro,,shubham_andro,1885
manish98,winter_summer,,mainsh,1885
brijesh_1998,brijesh1998,,brijesh_1998,1885
debug7adu,_adarsh_anand,,debug7adu,1885
skcs,skcs,,s_r_1996,1885
ritvik_369,ritvik369,1345,ritvik_369,1884
Gaurav_21,gaurav_21,1380,gaurav_2101,1884
santhosh_80,santhosh_80,1567,santhosh_80,1884
krishna_k,krishna_k,1636,krishna_kamath,1884
avinash007K,avinash007,1636,vishma_pitamah,1884
Avenger22,18_pranjul,1814,pranjulpal18,1884
_NERO_,_nero_,1969,nero_,1884
will_of_ken,will_of_ken,,will_of_ken,1884
wolf_on_code,admiral_wolf,,wolf_kp,1884
ganekasar,ganekasar,,ganekasar,1884
ankiiitraj,anant_,,mkitkat,1884
lax_99,lax_99,,lax_99,1884
gabbar1996,gabbar1996,,anshumaan__,1884
RHT_20,rht20,1317,rht_20,1883
rahulroy20101999,gundaswami,1369,rahulroy_1999,1883
Ashish_verma,ashish_verma,1449,ashish_1verma,1883
rajat189,rajat189,1461,dragon_ball,1883
shan61916,shan61916,1530,shan01,1883
wishcode,wishcode,1650,wishcode,1883
sumit_prajapati,sumitprajapati,1758,sumit141,1883
adityab1500,aditya1500,1763,adityab1500,1883
nanobyte,nanobyte,1838,devanshguptaa,1883
shashankch292,shashankch292,,shashankch292,1883
mohsin_ert,mohsin_579,,mohsin_ert,1883
programmer_neo,neotheprogrammer,1001,programmer_neo,1882
Hidden_Sword,Codester,1362,abishek_k,1882
surajverma8787,surajverma8787,1498,skverma8787,1882
thesupremeone,thesupremeone,1503,thesupremeone,1882
Odysseus,odysseus96,1561,n_azmain01,1882
Psp98,psp_98,1605,psp98_15bit053,1882
rebel_27,soumya_27,1734,ashley_27,1882
Ad_007,ad-007,1763,ad_zer0,1882
AST_TheCoder,ast_thecoder,1850,astthecoder,1882
Valgt,valgt,2019,valgt,1882
saatvik10,saatvik10,2030,saatvik10,1882
siddharthp538,siddharthp538,,siddharthp538,1882
karanrg,karanrg,,karanrg,1882
starflux,starflux,,starflux,1882
shaeli,shaeli,,shaeli,1882
dipBRUR,lilliput,,dip_99,1882
shreyanshgeek,shreyanshgeek,,shreyanshgeek1,1882
SinByCos,sinbycos,,sinbycos,1882
suraj_97,suraj_97,,stblackout,1882
pinkesh1231,pinkesh1231,,pinkesh_12,1882
Raj_coder,rajeshguptamc102,1395,c_o_d_er,1881
Atharva1583,atharva1583,1515,atharva1583,1881
prashant_00,prashant601,1584,prashant_00,1881
preet_t,preet_t,1611,preet_t,1881
icarus_1,mind_changer,1664,icarus_1,1881
OjasBansal__,ojas_bansal,1729,ojasbansal,1881
codinginveina,codinginveins,1752,codinginveins,1881
vaibhav_98,vaibhav_garg,,vibhu98,1881
master_chief,it_2107,,it_2107,1881
sahushivam,sahushivam,,sahushivam,1881
amitc333,amit.chakraborti9,1343,amitc9,1880
Serioushy,serioushy,,serious_conjur,1880
div5252,divyamsingal01,,div5252,1880
as_couple,as_couple,,a3_failure,1880
Mayor,minkush,,minkush1,1880
rishikeshsingh,rishikesh_singh,,rishikeshsingh,1880
ishpreet28,ishpreet,1394,ishpreet,1879
chiraagmittal05,chiraagmittal05,1495,chiraag3200,1879
Vishal_898,vishal_898,1545,vishal_898,1879
kunalsrv20,kunalsrv20,1549,kunalsrv20,1879
deepakpalrocks,deepakpalrocks,1632,deepak_005,1879
yash_jain,yash_jain,1637,yashjain4411,1879
vampire_questt,vampire_questt,1654,vampire_questt,1879
aditigoel,aditigoel,,aditigoel,1879
rt24,rsgt24,,rt24,1879
lonewolfhere,shubhammanhas579,,lonewolfhere,1879
shubhamd,shamdin,,pip33eed,1879
vishalkr07,vishalkr07,,vishalkr07,1879
pushpinder001,pushpinder.1,,pushpinder001,1879
4ul_sharma,charul_jiit128,1383,charulsharma57,1878
brainiak,shravank,1408,shravank,1878
Mayank_Pushpjeet,mkitrixx,1481,codack_mayank,1878
abhiyadav1323,abhiyadav1323,1561,abhiyadav1323,1878
vishalananth,vishalananth,1587,dangerstranger,1878
janmansh,janmansh,1632,janmansh,1878
Prajwal_pict_coder,prajwal_sonawane_it_pict,1725,prajwalsonawan,1878
mayank07,mayank07,1800,mayanks_07,1878
bharatkhanna29,bharat.khanna.cse14,2081,bharatkhanna29,1878
Cloud_,cloud_,,cloud_,1878
maheshraju2020,maheshraju2020,,maheshraju2020,1878
utkarsh_96,utkarsh_96,,utkarsh_96,1878
chakrenitin,chakrenitin,1203,chakrenitin,1877
unsolvedtomorrow,avinash_89,1247,nsolvetomorrow,1877
a_abhi19,7576883191sonu,1310,abh1998,1877
logicbomb,vivace1,1328,vivace,1877
underdog_eagle,underdog_eagle,1383,underdog_eagle,1877
abba5,abba5,1496,abba5,1877
shikher25,shikher25,1522,shikher25,1877
iamsahil_2703,iamsahil_2703,1621,iamsahil_2703,1877
kjain1810,kjain1810,1775,kjain1810,1877
prashanttyagi,prashanttyagi,1908,prashanttyagi,1877
Param321,param_aryan,1919,param_aryan,1877
sankcan55,sankcan55,,sankcan55,1877
dx_apoorv,dx_apoorv,,dx_apoorv,1877
adityaagg,aditya10,,aditya10_,1877
sacxy,sacxy,,sacxy,1877
sumitskj,sumitskj,1033,sumitskj,1876
Gaurish_Ojha,gaurish_codestar,1368,atal21003,1876
saumyadip,saumyadip,1419,saumyadip,1876
shreya_jn,shreya_jain,1464,shreyaj1207,1876
shahriar_sust,shahriar_88,1552,corei17,1876
cfdxwk,ujjwal22796,1614,cfdxw,1876
shubham732,shubham732,1916,shubham732,1876
akashpatil219,akashpatil219,,akashpatil219,1876
noobCJ,dumbermon,,noobcj,1876
vaibhavgoyal96,,,kunnu96,1876
dineshbs444,dinesh_b_s,,dinesh_b_s,1876
ash_maurya,ash_maurya,1222,ash_maurya,1875
sam_2210,sam_2210,1227,sam_2210,1875
syedmizbah,syedmizbah,1457,syedmizbah,1875
Aditya_u74,aditya_u74,1469,aditya_u74,1875
Moontasir,munmud,1549,moontasir042,1875
narayanpai1,narayanpai1,1603,narayanpai1,1875
rooppus,sauravuppoor,1622,rooppus,1875
awasthiakshit11,awasthiakshit11,1624,awasthiakshit1,1875
adinovap20,adinovap20,1627,adinovap20,1875
K_I_R_A,ajay_rahul01,1630,ajstyles,1875
GoWind,gowind,1639,gowind,1875
ankit_singhal,ankit_singhal,1780,ankit_singhal,1875
Rajat_20,bug_20,1799,bug_20,1875
jiwansandhu,jiwansandhu,1820,jiwansandhu,1875
SaimunIslam,saimun_islam,,saimun,1875
sciencepal,csgo_is_life,,sciencepal,1875
Krieger,ankitrajput19,,ankitrajput19,1875
KLAUS_MIKAELSON,s_g_,,shikharg040,1875
misra_17,misra_17,,misra_17,1875
bogey24,bogey24,,garima_chadha,1875
sauram228,enatsu__8,,sauram228,1875
lordofthunder,lordofthunder,,lordofthunder,1875
malagath19,souravrawat191,1363,souravrawat191,1874
divyanshu_kl,divyanshu_kl,1366,divyanshu_kl,1874
d_evilal,d_evilal,1389,d_evilal,1874
raghava118,raghava118,1480,raghava118,1874
gauri,elusivedream,1570,gauri_18,1874
sksshivam007,sksshivam007,1609,blank65,1874
asmah98,_asmah98,1621,asmah98,1874
kabraneel,kabrakodeabra,1650,kabra_neel,1874
vishallc,vishallc,1697,berzerkv14,1874
arpit040199,arpit040199,1728,arpit040199,1874
AryRDW,aryrdw,1775,aryrdw,1874
n4nimit2000,only_bruteforce,,n4nimit2000,1874
saahilk,saahilk,,saahilk,1874
Himon_PUST,interval_06,,interval_06,1874
rk9456rk,rk9456rk,,rk9456rk,1874
spyder101,spyder101,1555,spyder101,1873
karankc23,karankc23,1612,karankc23,1873
ralph0609,ralph0609,1626,tushar0609,1873
hqcoder_1,hqcoder,1627,roy_naman,1873
SI_AM,si_am,1670,siam009,1873
waginger_19,waginger_19,1846,waginger_19,1873
aleiva,aleiva,,aleiva,1873
theSmartGuy,thesmartguy,,thesmartguy,1873
PsychoKiller,psycho12killer,,psycho12killer,1873
Srivaayush,srivaayush,,coder_sriva,1873
arpitgarg7,arpitgarg7,1230,arpitgarg7,1872
DG1998,dg1998,1367,dhanin14021998,1872
sibasish_14,sibasish_14,1391,sibasish_14,1872
anurag78_20,anurag78_20,1408,anurag78_20,1872
vaibhavthakkar,vaibhav.thakkar.22.12.99,1455,vaibhavthakkar,1872
nileshmd99,niiesh,1468,nileshmd99,1872
shikher_raj55,shikher_raj55,1571,shikher_raj55,1872
infparadox,infparadox,1575,akhilesh_soni,1872
Rajprasad_dora,rajprasad_dora,1672,rajprasad_19,1872
PoojaB01,seabreeze,1946,annn,1872
pd_nik,preeyadarshee,1968,pd_nik,1872
NineFathoms,ninefathoms,,ninefathoms,1872
itssanat,itssanat,,sanat_kumar,1872
shikhar_01,shikhar2k01,,shikharshukla,1872
Anuj_0911,anuj_0911,,anuj_0911,1872
AnonymousFast,,,vaibhav_code,1872
IGI_29,igi-29,1207,igi_29,1871
piyushgarg2425,piyushgarg2425,1438,piyushgarg2425,1871
vaibhavsarda,vaibhavsarda,1508,vaibhavsarda,1871
MNnazrul,mnnazrul,1639,mnnazrul,1871
pratiklath,pratiklath,1648,pratiklath,1871
Ada_king,priyanka_1998,1657,priyanka_1998,1871
Axuuu,axuuu,1671,axuuu,1871
Adk,adkay,1682,adkcodeme,1871
kt200021,tandonkarsh,1800,kt21,1871
stunnerhash,stunnerhash,,stunnerhash,1871
rohitjv,codeblooded,,rohitjv,1871
jsar3004,jsar3004,1417,jsar3004,1870
EOWL,eowl,1427,eowl,1870
rishabhtyagi2306,rishabhtyagi,1464,rishabhtyagi2,1870
smaug_11,smaug_11,1521,longclaw_2,1870
aniKet_gAjare,aniket_gajare,1848,aniketthecoder,1870
Kallaseldor,kallaseldor,,kallaseldor,1870
dibas,dibas,,dibas,1870
barney1b,barney1b,,barney1b1,1870
devojoyti,devojoyti,,devojoyti,1870
iamBPK,famnpk,1169,sl_170030095,1869
ram_5564,ram5564,1269,ram5564,1869
joeyy,joeyy,1290,coderdnyanesh5,1869
Aditya_Ramesh,aditya_ramesh,1317,an_avid_coder,1869
Navin_Chandra,mahakal18,1471,mahakal18,1869
sudip10028,sudip10028,1489,sudip10028,1869
nimishbansal,nimish4july1998,1508,nimishbansal,1869
insider_pants,insider_pants,1622,insider_pants,1869
pHpSingh,phpsingh,1758,paras_h_s,1869
ankur314,ankur314,1772,ankur314,1869
Ashish_rrs,ashish.rrs,1820,ashish_rrs,1869
Addy007,addy007,1822,icy_noctiluca,1869
chivy_charm,chivy_charm,,chivy_charm,1869
Hulk_,ghost0fsparta,,shahanurag,1869
heisenberg4269,heisenberg4269,,heisenberg4269,1869
hidden,deshansh,1374,deshanshg,1868
Mahim,mahim,1568,mahim47,1868
nimmi_001,nimmi_001,1578,nimmi_001,1868
pakhandibaba,pakhandibaba,1699,pakhandibaba,1868
thelazycat,22.45916,1721,hoangvanthien,1868
RishikSood,sosooding,1866,rishik123,1868
vamaddur,vamaddur,2112,vmaddur,1868
adish_agarwal,adish_agarwal,,adish_agarwal,1868
krazy_kunal,cheesemaggi,,krazy_kunal,1868
mjzyaad,mjzyaad,,mjzyaad,1868
wasif29,enderman29.0,,crackhead29,1868
sayantan_das24,sayantan_das24,,sayantan_das24,1868
sankalp_321789,sankalp_10,,sankalp_000,1868
zorr,itskp,1285,wow1code93,1867
alamkhan,alamkhan,1411,alamkhan,1867
IKSHITg,ikshitg,1446,ikshit_17,1867
f4ded4k,f4ded4k,1580,faded4k,1867
JK10,jayesh_khemka,1611,jayesh_khemka,1867
tushar912,tushar.912u,1624,tushar_192,1867
AdityaChaudhary,adityachaudhary,1646,adityach_16,1867
aayushvarshney,aayushvrshney,,aayushvrshney,1867
mynk322,mynk322.0,,mynk322,1867
sagar_b,www.sagarb,,sagar_b,1867
rgorai,sudo-rgorai,,rgorai,1867
ayanb,ayanb,,ayan_nitd,1867
anuj_shah,anuj_shah,,anuj_shah,1867
vatsal111,,,vatsal_soni,1867
simonlindholm2,simonlindholm,,simonlindholm,1867
roko123,flyroko,1172,roko12399567,1866
amitray1608,amitray1608,1327,amit_ray1608,1866
shubhamg931,sg270798,1417,shubham931,1866
vashistha_madhur92,madhur_v,1429,madhur215,1866
Vrundan28,vrundan28,1461,vrundan28,1866
ashraful9194,ashraful9194,1491,ashraful9194,1866
stark_360,storm_stark,1505,shashank_360,1866
khetarpal_dhruv,khetarpal_dhruv,1511,khetarpaldhruv,1866
bharat_reddy,bharat_reddy,1539,bharat__reddy,1866
the_redback,the_redback,1549,the_redback,1866
ssanjeev2424,ssanjeev2424,1615,sanjeev2424,1866
vedkribhu,vedkribhu,1619,vedkribhu,1866
HShokeen,hshokeen,1633,hshokeen,1866
spop,spop,1650,katsura555,1866
shreyk5,fierce_zombie,1667,shreyk5,1866
katsura,sixpathofpain,1750,katsura555,1866
thenainesh,thenainesh,1799,nainesh_hulke,1866
Flame_Kaiser,flame_kaiser,1952,sachin92102,1866
aloktanmay62,tanmay-sinha,,aloktanmay62,1866
Tanmay_Rathi,tanmay_21,,tanmay_1526,1866
VandanRogheliya,vandanrogheliya,,vandan6500,1866
ujwalll,ujwalll,,predatorr,1866
neekill142,neekill,,nikhil142,1866
BRAHM,brahm,1326,tanmax22,1865
man_of_silence,vivekkumarchaudhary,1398,chaudharyv101,1865
mukund09,mukund0909,1421,mukund09,1865
suyashc222,suyashc222,1430,suyashc222,1865
vishalch,anmol321,1685,anmolgup,1865
lone_wolf_delena,lone_wolf_delena,1828,lonewolfdelena,1865
tarunasudani22,_whitewolf,1902,tarunasudani22,1865
prayutsu,prayutsu,,prayutsu,1865
rahulladi8686,rahulladi8686,,rahulladi8686,1865
thanos_ashu,thanos_ashu,,thanos_ashu,1865
CaptainDaVinci,captaindavinci,,captaindavinci,1865
praneeth6116,praneeth6116,,praneeth_6116,1865
sudo_s,sudo_s,1169,sudo_s,1864
shamimjucse,shamimjucse,1227,shamimjucse,1864
anidya_vajpayee,the_blue_penguin,1251,anidya31,1864
adityank007,adityank007,1404,adityank007,1864
hrai_20,hrai_20,1444,hrai_20,1864
google_30,google-30,1449,google_30,1864
omega07,omega07,1469,shahayush2507,1864
shubhankar_fim,shubhankar_fim,1537,realname,1864
Pavanbsp,half_coder,1588,pavanbsp,1864
satty26,satty26,1676,satty26,1864
mridul_4101,mridul.dgp2015,1678,mridul_dgp,1864
satyam_jindal,satyam_jindal,1690,satyam_jindal,1864
nafis277,nafis_shifat,1812,nafis121,1864
pankaj,diradon,1824,diradon,1864
raghukul01,h.a.c.k.e.r.a.m.a.n,1876,raghukul01,1864
kryptonyte,_kryptonyte_,,ordinary_sheep,1864
eclipse_hunter,eclipse_hunter,,eclipse_hunter,1864
kg01,kg01,,kg01,1864
Aditya_13,aditya_13,,aditya_akash,1864
DontBlameMe,dontblameme,,wahidmshafin,1864
gauravsingh6225,gaurav6225,,gaurav6225,1864
supriyanta,supriyanta,1277,titin_,1863
aman_deep21,aman_deep21,1325,amandeep_21,1863
ankitsinha221,ankitsinha221,1327,ankitsinha221,1863
chiraga196,chiraga196,1380,chiragagrawalc,1863
shah_entrance,shah_entrance,1400,shah_12,1863
aditya7m,aditya7m,1556,aditya7m,1863
Shashank2409,shashank2409,1639,shashank2409,1863
minaamir26,mina_amir,1673,mina_amir,1863
Abhitipu,abhitipu,1844,abhitipu_1603,1863
abhisek_1357,cryo_coder123,,cryo_coder123,1863
saketag007,saketag007,,saketag007,1863
ishan0805,ishu0805,,ishanmay8,1863
A_Peasant,jatin_026,,jatin_026,1863
chill_mint,mintchill,,chill_mint,1863
dev27,dev27,,dev27,1863
an6285,an6285,1242,an6285,1862
hugewarriors,hugewarriors,1335,hugewarriors,1862
srikant95,srikant95,1348,chefsrikant,1862
Ganesh_Codes,ganesh_codes,1375,ganesh_code,1862
aakashsinghdude,aakashsinghdude,1479,akashsinghdude,1862
goku98,goku98,1480,goku1998,1862
AnshPasari,anshpasari91230,1510,codedecode1,1862
abhishekk201202,abhishekk201202,1607,abhishek201202,1862
PHENOMENALAB,phenomenalab,1610,akash_ba,1862
thegeniushead,blitzitout,1715,blitzitout,1862
Erkhemkhuu,erkhemkhuu,1821,poiuyt123,1862
srijan_de,srijan_de,,srijan_de,1862
p00r,p00r,,p00r,1862
gaganlohia,gaganlohia,,gaganlohia,1862
harsh89,harsh89,,harsh89,1862
uday_170030900,uday_170030900,872,uday_170030900,1861
anupriya1738,chiggy1777,1001,anupriya1738,1861
senbihan,senbihan,1085,senbihan,1861
prince_3855,prince_3855,1248,prince_3855,1861
ahaddce,ahaddce,1451,ahaddce,1861
anno,anno,1469,anno,1861
WaheguruAnurag,waheguruanurag,1517,waheguruanurag,1861
vaal,vaal,1601,vaalarivan_p,1861
rishavjnv12,rishavjnv12,1632,hitk_69,1861
vk98,vk98,1712,vk98,1861
Guendabiaani,guendabiaani,1718,guendabiaani,1861
nks43,nks43,1753,krithick4,1861
ratherSimple,rathersimple1,1905,rathersimple1,1861
shivam16614,silentknight6664,,silentknight66,1861
prince367,prince367,,prince367,1861
srajan_gupta,srajang_123,,srajang_123,1861
ktcoder,k_8,,ktcoder,1861
piyush_kumar99,_nathan_drake_,,piyush_kumar99,1861
harshkes,harshkes,,harshkes,1861
The_Punisher,jack_sparrow,,alpha8355,1861
pritesh_0411,pritesh_0411,,pritesh_0411,1861
Ragapt123,ragapt123,1324,ragapt123,1860
raka_iiitg,raka4448,1379,rsenwar,1860
rahulkrt,rahulkrt,1393,rahulkrt,1860
ayush_7,zlatan_7,1417,ayush_7,1860
sagijagadish,sjsokv,1537,sagijagadish,1860
yonkoaman,yonkoaman,1607,yonkoaman,1860
the_tester_,the_tester_,1685,the_tester,1860
snehal,snehal007,1941,snehal007,1860
RalifRalif,l_love_kfc,,ralif123,1860
eulerkochy,eulerkochy,,gammachef,1860
ritvik_1999,ritvik_sangwan,,ritvik_1999,1860
mittalapoorva1999,mittalapoorva1999,,burst101,1860
friction,aka_friction,1038,friction,1859
vishu2908,vishu2908,1201,vishu_2908,1859
tareqsakib,tareqsakib,1269,tareqsakib,1859
sachin746,sachin746,1303,sachin746,1859
starbot,starbot,1466,starbot,1859
sharma234,sharma34,1583,sharma234,1859
aman212yadav,aman212yadav,1609,aman212yadav,1859
arujbansal,arujbansal,1731,arujbansal1,1859
zekigurbuz,zekigurbuz,1853,zeki,1859
namanjain0501,namanjain0501,2099,namanjain0501,1859
Charitra,charitra,,charitra2536,1859
Pandey_2000,phimanshu_2000,,phimanshu_1999,1859
Shameek,shameek,,shameekagarwal,1859
Sleepy_coder,utkarshgarg1,,utkarshgarg1,1859
nameetj3416,nj_force,,nameetj3416,1859
akash375,akash375,,akash375,1859
TGK,tgk2020,,tgk2019,1859
reiva5,reiva5,1473,reiva5,1858
GuptaGaurang,guptagaurang,1511,gauranggupta,1858
adi_ahuja,adiah,1588,adi_ahuja,1858
vk16,vk16,1727,vedant7k,1858
ibex,vaibhav_1207,1728,vaibhav_1207,1858
sonjoydabnath,sonjoydabnath,,sonjbond,1858
vivekshukla,,,vivekshukla,1858
adi_ch,adi.ch,,adi_ch,1858
buddhabhu,bbuddhabhushan,,buddhabhu,1858
darshancool25,darshancool25,,darshancool25,1858
shubhajit_01,shubhajit_01,1239,shubhajit_01,1857
swayampal82,swayampal82,1402,sidhant03,1857
sv_sannidhay,sv_sannidhay,1423,sv_sannidhay,1857
hydra_cody,hydra_cody,1428,anuragdw0710,1857
sukeesh,sukeesh,1433,sukeesh96,1857
code__champ,code__champ,1459,code__champ,1857
motif,motif,1620,motif,1857
shashank33,shashank3395,1678,shashank3395,1857
shas32,shashank3395,1678,shashank3395,1857
arpan_14,arpan_14,1730,arpan_14,1857
Art3mis,avi15,,avi1729,1857
suryakantpandey,suryakantpandey,,suryakant_05,1857
admiral,admiral_1995,,admiral,1857
belalazam,belalazam,,belalazam,1857
Nilanjit_Chakraborty,nilchakraborty,,nilanjit_2001,1857
cipher_codiac8,,,cipher_codiac8,1857
Keshav,keshav_7,1322,keshav_7,1856
Eimu,the_first_avenger,1472,eimu_emon,1856
notforeverhere,akane_psycho,1518,adityag123579,1856
onebit1024,onebit1024,1612,onebit1024,1856
shivang121,shivang121,1632,shivang121,1856
justcurious,justcurious,1651,ninja_69,1856
rishabh0305,rish01,1714,rishkumar01,1856
sagar_june97p,awaracoder,1958,awaracoder,1856
shivamsinghal1012,shivamsinghal1012,,shivam1012,1856
anubhavaron,anubhav000051,,anubhav0000,1856
parthmangal_19,parthmangal,1509,parth_72789,1855
ansh_22_,ansh,1586,ansh_22_,1855
adityapareek,aditya_pareek,1602,adityapareek,1855
Lakshyaj21,lakshyaj21,1614,lakshya_jain,1855
pulkitjain41,pulkitjain411,1615,pulkitjain41,1855
AcFreak,coder_189,1656,pm2016189,1855
sanketmakani,sanketmakani,1923,sanketmakani,1855
amit_pandit_15,amit_pandit_15,,amit_pandit_15,1855
fire_tornado,fire_tornado,,fire_tornado,1855
mario_1,siddharth01,,mario_1,1855
amit_raj,amitraj,,amit_raj1,1855
shubham97361,shubham97361,,rebuild,1855
joker_07,parth_07,,joker_07,1855
LazyMediocre,lazymediocre,1353,silentboy_01,1854
darkshadowrule,darkshadowrule,1361,darkshadowrule,1854
HarshPandey,harsh_jiit,1424,harsh_7_pandey,1854
Saksham_Sahgal,saksham_sahgal,1426,saksham_sa,1854
paras1810,jain.paras1810,1484,paras1810,1854
asinghkushraj,adarshsinghkushwaha,1507,adarshsinghk,1854
SU_N_NY,su_n_ny,1581,arafatsunny,1854
ioigod_289,ioigod289,1667,ioigod_289,1854
invincibel,invincibel31,1670,invincibel,1854
prabhath123,prabhath123,1732,prabhath123,1854
dhyeybm,dhyeybm,1762,dhyeybm,1854
r3novatio,r3novatio,1806,r3novatio,1854
pk10,pk10,1903,pk10,1854
rds_98,rishabhdeepsingh98,,rds_98,1854
sanskarnative,avg_iitj_enjoyer,,sanskar_native,1854
rscodes,ryansee,,rscodes,1854
R0k0n,_shadow,,rokon1803012,1854
abhivenkiabhi,abhivenkiabhi,,abhivenkiabhi,1854
freaky_baba,freaky_baba,,freaky_baba,1854
sagar57patil57,sagar57patil57,1171,shivamgor498,1853
aultrainstinct,aultrainstinct,1387,aultrainstinct,1853
adityakarante,adityak3252,1412,adityak3252,1853
Darshan207,darshan207,1513,silenteyes,1853
yjitu9950,yjitu9950,1523,daksh5097,1853
mansisinha16,mansisinha16,1613,mansisinha16,1853
sjha77,sjha,,sjha77,1853
Qwerty4150,gyanishkumarroy,,gsherlock,1853
fangahawk,fangahawk,,fangahawk,1853
gauhar_19,gauhar_19,,gauhar_19,1853
akhilchoudhary,akhilchoudhary,,akhilchoudhary,1853
stellarcoder,,,ymca,1853
killswitch_200,killswitch_200,,killswitch_200,1853
Fellow4,spandans,,spandan_35,1853
Tard1grad3,tard1grad3,,tard1grad3,1853
Ajdevilliers,ankitjha25,1270,ankitjha25,1852
ArK,ark10,1355,arpan_k,1852
ritik_patel05,ritik_patel05,1468,better_sleep,1852
heisenberg,jatin_tayal,1540,jatin_tayal,1852
sanchit_chaba,sanchit.chaba,1622,sanchit_chaba,1852
aman2gupta95,risk_17,1760,aman2gupta95,1852
vishvas,vishvas,1884,vishvas,1852
asomesh99,21171_somesh,,asomesh999,1852
abhishek_tiwari,math_lover,,codechef2,1852
prateek0602,prateek0602,,prateek0602,1852
shreyash1488,shreyash1488,,shreyash1488,1852
akashravi,akashravi,,techtocore,1852
ovd0312,ovd0312,,ovd0312,1852
nirmaan,shashank_chugh,,shashank_chugh,1852
himansh242,himansh242,,tanyanshu,1852
RamNewton,ram_newton,,ram_1408,1852
Hacker920,hacker920,,hacker920,1852
utkarsh_uc,utkarsh_07,,utkarsh_uc,1852
knitishnitj_89,,,knitishnit_j89,1852
dextrous45,dextrous45,1380,dextrous45,1851
Ravan_2070,ravan_2070,1415,chinmayr_2070,1851
wargraver,wargraver,1494,wargraver,1851
adipro1167,adipro1167,1495,adipro167,1851
Sahaj,sahajbamba1999,1620,sahaj_bamba,1851
adibur6,adibur6,1689,adibur6,1851
aditya38112,adityakumar3811,1746,aditya38112,1851
dhruv_gheewala,dhruv_gheewala,,dhruv_gheewala,1851
ad,adeepak7,,adeepak7,1851
Randomking,randumkeng,,randomking,1851
MrCodeRider,mohan_bera,1176,mohan_bera,1850
sonu_singh,sonusingh.nitaa,1275,unknown_coder1,1850
noob_coder,asura_zoro,1357,yolo_96,1850
Shubh_Agrawal,shubh__agrawal,1388,shubh__agrawal,1850
bad_guy03,bad_guy03,1533,shubham0003,1850
tushaar11,tushaar11,1606,tushaar11,1850
frez,frez,1620,frez_95,1850
kaushalesh,kaushalesh,1684,monster_1097,1850
kitorp,kitorp,1693,kitorp,1850
chamanag,chamanag,2061,chamanag,1850
aquablitz11,aquablitz11,2075,aquablitz11,1850
tihsrah_1177,tihsrah_1177,,harshit_030,1850
zimpZamp,bit_2,,bit__2,1850
shubham_1810,the_duke,,shubhampandey1,1850
D1ABL3,d1abl3,,d1abl3,1850
manankumawat,,,manankumawat,1850
sach_760,sach_760,1277,sach_760,1849
gaurangvyas,gaurangvyas,1350,gaurang1996,1849
sTanK,s.tank,1447,s0tank0,1849
Shashank_R,shashank_r,1466,shashank_77,1849
prantoran,prantoran,1489,prantoran,1849
stoic_code,stoic_code,1528,stoic_code,1849
harshit_20,harshit_20,1546,harshitch_20,1849
princejvm,prince593,1563,princejvm,1849
oasis,oasis9594,1602,oasis1,1849
udit19,udit19,1629,udit19,1849
kratya,kratya,1655,kratya,1849
shreeshiv,sshiv,1696,shreeshiv,1849
linus509,linus509,1791,linus509,1849
20je0022,abhinav_3010,,abhinav_301020,1849
king_of_bits,9.65E+09,,dcoder_786,1849
sam_mit,sam_mit,,sam_mit,1849
yeetholmes619,yeetholmes619,,yeetholmes619,1849
abhishek_r,mech_o_five,,abhishek_r005,1849
joeyndchandler,joeyndchandler,1170,eobardthawne,1848
jatin1510,jatin1510,1355,jatin1510,1848
girishgarg,girishgarg,1358,girishgarg,1848
HindianJIN,failure._m0nk,1361,crazymonk07,1848
rupesh_rao,rupesh_rao,1366,rupesh_rao,1848
aarls,aarls,1431,aarls,1848
Govind_20,govind_20,1434,one_click_wa,1848
sahil01123,sahil.kalamkar,1494,sahil01123,1848
sayedalmahdi,sayedalmahdi,1514,sayedalmahdi,1848
sunkuet02,sunkuet02,1613,sun_kuet,1848
anirudhtn,jagerknight,1621,anirudhtn,1848
allu,invi12,1630,sabirali2560,1848
wh1t3_r0s3,aps,1672,wh1t3_r0s3,1848
amankedia1994,amankedia1994,1875,amankedia1994,1848
exc3pt10n,sahil070197,,sahil070197,1848
Dev10,devpahuja10,,devpahuja,1848
Sina_Abbasi,sina_abbasi,,sina_abbasi,1848
iamdayodude,mellowset,,soham7,1848
sahi1422,sahi1422,,sahi1422,1848
ojhasaurabh2099,ojhasaurabh2099,1378,ojhasaurabh209,1847
vishwajeet7381,vishwajeet7381,1446,vishwajeet7381,1847
mH4S4N,mm_hasan,1465,m_hasan,1847
TleTerror,tleterror,1485,vikrambish2000,1847
jatinagrawal36,jatinagrawal,1512,jatinagrawal36,1847
naruhodou,naruhodou,1597,leapoffaith,1847
imhemant,imhemant,1610,imhemant,1847
ruthlesscoder,rpanchal,1639,ruthlesscoder,1847
harshit2322__,harshit07__,1654,harshit0708,1847
shivang_garg99,shivang_garg99,1658,shivang_garg99,1847
Encoder123,encoder,1671,sanchit1483,1847
pankaj607,singhpankaj079,1692,singhpankaj079,1847
Admiral_puri,admiral_puri,1701,admiral_puri,1847
mayank334,mayank334,,mayank334,1847
1337n,1337n,,npj1npj1337_8,1847
harshilnakum,harshilnakum,,harshilnakum,1847
mahabir10,mahabir10,,mahabir10,1847
chayanj450,chayanj450,,chayanj450,1847
abhi1358,abhi1358,1232,abhi_1358,1846
anand_sy,monera_,1269,anand_sy,1846
akhilesh_2410,noobak,1400,akhilesh_2410,1846
RohanGoyoal2014,rohan_ardulous,1454,ardulous,1846
jeal0uspengu1n,jeal0uspengu1n,1588,jeal0uspengu1n,1846
mahipjain,mahipjain,1695,mahipjain,1846
rajanarora1999,rajanarora1999,1772,rajan9353,1846
adarsh_kc,adarsh_kc,,adarsh_kc,1846
viru001,virender,,viru001,1846
tapanr97,tapanr97,,tapanr97,1846
godof_shinobi,godof_shinobi,,g0d_of_shinobi,1846
speedo,conquerorarpit,,speedo,1846
pranavanurag,pranavanurag,,pranavanurag,1846
by0,mokujin,,mokujin,1846
red_death,ar_9020_th,,red_death,1846
werewolf97,werewolf97,,werewolf97,1846
iamamy07,iamamy07,1256,iamamy07,1845
vinith6763,vinith6763,1421,vinith6763,1845
ashu_moudgil,ashu_moudgil,1446,ashu_moudgil,1845
sh3rlock,sh3rlock,1461,sh3rlock,1845
faraz16iqbal,faraz16iqbal,1601,faraz16iqbal,1845
raj_159,sahudhanraj123,1674,raj_159,1845
sahil_k,sahil_k,1698,sahil_k,1845
Abhi397012,abhi3970,1724,abhi3970,1845
vikramaditya,vikramaditya8,1751,vikramaditya8,1845
ShineNoLife,shinenolife,1887,shinenolife,1845
manish17,manish.17,2107,manish17_,1845
Abhi3970,abhi3970,,abhi3970,1845
laxman,laxmansharma14999,,laxman21,1845
shivamjain_20,shivamjain_20,,shivamjain_20,1845
prtks_22,prtks_22,,prtks_22,1845
codingdevil,maheshwari29,,harryowner,1845
Bernini,bernini,,bernini,1845
sandy827,sandy827,,sandy827,1845
himanshug10,himanshug10,1307,himanshu786,1844
itzashish_ranjan,itzashish135ranjan,1323,ashish13ranjan,1844
Sagar_,sagar_,1404,sagarsingh05,1844
quickcode,quickcode,1442,vaibhavccrox,1844
coderfool,coderfool,1443,coderfool,1844
rama4,rama4,1464,rama4,1844
hgharsh12,hgharsh12,1533,hgharsh12,1844
nirav96,nirav_96,1607,nirav_96,1844
ntc255,nikeshthapa255,1630,ntc_255,1844
pandusonu,pandusonu,1644,pandusonu,1844
pandu,pandusonu,1644,pandusonu,1844
ashikurrahman,5-head,1702,ashikur_rahman,1844
ltc_groverkss,ltc.groverkss,2127,ltc_groverkss,1844
prakash_77,vantaablackk,,vantaablackk,1844
abhinav3010,abhinav3010,,abhinav3010,1844
singhshreya6,shreya_s,,singh_shreya,1844
rjankit,rjankit,,rajankit402,1844
anubhavp,anubhavp,,anubhavp28,1844
imober,imsober,,day_not_found,1844
martingarrix18,martingarrix18,1057,martingarrix18,1843
ayushraghu22,ayushraghuwanshi22,1231,ayushraghu22,1843
ayush3,ayush3,1245,ayush4,1843
raiko,_raiko_,1292,raik0,1843
Alpha0_0,giteshsinghphogat,1313,giteshphogat,1843
pk201996,krpiyush5,1433,pk201996,1843
krpiyush5,krpiyush5,1433,pk201996,1843
Kamal_Singh,kamal1998,1442,kamal1998,1843
spverma,spverma,1709,jonson202019,1843
Brook,yatharth77,1721,yath_17,1843
nimishagarg_ng,nimishagarg_ng,1790,nimishagarg_ng,1843
MrGhasita,sauravsihag,1957,sauravsihag,1843
Top4ick,sogood,1985,the_beast_,1843
tushar1717,tusharjaiswal,,tusharlegend,1843
Amz42,amz42,,amz42,1843
ipaljak,ipaljak,,paljak,1843
tourani123,-g0d-,,tourani123,1843
autimatic,iam_pritesh,,iam_pritesh,1843
oracle7,oracle7,,oracle7,1843
harshal,harshal0055,788,harshal0055,1842
tarangparikh,tarangparikh,1105,tarangparikh,1842
sachin11197,sachin_11197,1410,sachin11197,1842
dushyant7917,dushyant7917,1475,dushyant7917,1842
debdhriti,debdhriti,1490,roy_debdhriti,1842
amits1311_code,iknowyou01,1533,amitcode1311,1842
nikban,nikban,1684,nikban,1842
AC_rush,jaykarma,1908,jaykarma2419,1842
AdnanShamsi,adnanshamsi,,adnanshamsi,1842
nik1996,nik1996,,nik1996,1842
f1ip_f1op,f1ip_f1op,,coder_anmol28,1842
dibyanshu47,dibyanshu47,,dibyanshu47,1842
anshuljain62,anshuljain62,,anshuljain62,1842
zeref_98,zeref_98,,natsu_31,1842
ankuralld5999,ankuralld5999,1143,ankuralld5999,1841
sahil_verma_24,frost,1209,sahil_verma_24,1841
code__stromer,akshitdesai,1285,akshitdesai,1841
Phoenix99,phoenix99,1356,eccentrickunal,1841
zappelectro,molotov,1370,zappelectro,1841
vivek1526,vivek1526,1384,vivek1526,1841
trump5377,trump5377,1498,sourav_ag5377,1841
ujjwal_keshri,ujjwal_keshri,1646,cool_ujjwal,1841
avsd_47,avsd_47,1647,avsd2001,1841
mridulch,mridulch,1670,mridulch,1841
rav317,rav317,,rav317,1841
udattam,udattam,,udattam,1841
himanshu_skb,,,himanshu_skb,1841
coderaashir,aashirs,1007,coderaashir,1840
jatinpapreja,jatinpapreja,1071,jatinpapreja,1840
amanmishra_20,amanmishra_20,1202,amanmishra_20,1840
ipg_2016069,prakash_gatiyala,1231,prakash2021,1840
savangadhiya7623,savangadhiya7623,1293,savan_7623,1840
harshitgupta,harshitkumargupta,1316,harshit_0,1840
mark2,mark2,1358,k_ayush,1840
void_harsh,void_harsh,1447,void_harsh,1840
uzzal_rahman,uzzal_rahman,1464,uzzal_ewu,1840
manish1997,givingmybest,1478,givingmybest,1840
yashwant_singh,yashwant_singh,1507,yashwant_singh,1840
dip_10,dip_10,1510,dipjoy_10,1840
sufianfaisal786,sufianfaisal786,1530,sufiyan_faisal,1840
Jaw_7227,jaw_7227,1583,amit_2k19,1840
chef_of_mint,chef_of_mint,1618,chef_of_mint,1840
yugaStalk,lit2019039,1694,seeker_123,1840
sabbir70,sabbir1807070,1696,sabbir70,1840
ajecc,ajecc,1942,ajecc,1840
parthjn,parthjn,,parthjn,1840
sharansh12,sharansh12,,sharansh12,1840
babin_dutta,skull1999,,babin_dutta,1840
vivek_ghosh,vivek_ghosh,,vivek_ghosh,1840
saty16319,satyajeetkumar499,,saty16319,1840
satyamcse,satyamcse,,satyamcse,1840
Sourabh_Pukale,sourabh_s_pukale,,souravp7777,1840
bruhascended,bruhascended,,chiragkalra,1840
icmourya,icmourya,,icm961625,1840
mateen_222,abdul_mateen,1199,mateen_222,1839
h__sh,harsh1868,1313,h__sh,1839
abhinav4279,abhinav4279,1313,abhinav4279,1839
parth_kotak,parth_kotak,1322,parth_kotak,1839
atika_tantiya,atika_tantiya,1374,atika_tantiya,1839
sspathare97,sspathare97,1400,sspathare97,1839
nipungarg59,nipungarg,1480,nipungarg59,1839
thesparkboy,thesparkboy,1487,thesparkboy,1839
Cybertrone,cybertrone,1496,cybertrone,1839
ssinghal17,sksinghal17,1544,sksinghal17,1839
skyscraper,skyscraper,1581,soheb17,1839
tomars23,tsumit023,1750,tsumit23,1839
cyber_rajat,cyber_rajat,1881,cyber_rajat,1839
pratik_edge11,pratik1104,,pratik_edge11,1839
karngyan,karngyan,,karngyan,1839
mayank9804,mayank9804,,mayank___,1839
srbcheema1,srbcheema1,,srbcheema1,1839
dshahid380,dshahid380,1249,dshahid380_,1838
Shadow38,int_maxx_minn,1286,wretch,1838
ChinmaySama,chinmaysama,1430,o0___0o,1838
satishrdd,satishrdd,1431,satishrdd,1838
shivam2001,shivam2001,1475,shivams_01,1838
hail_vishal,vish_all,1494,hail_vishal,1838
Ax_alchemy,ax_alchemy,1507,ax_alchemy,1838
Sayach8,sayach8,1598,sayan_2002,1838
himj,himj,1650,himj266,1838
demonsbane,demonsbane,1670,anmoldp7,1838
suprdewd,suprdewd,2009,suprdewd,1838
dvshah,dvshah,2164,devansh_shah1,1838
hritesh0027,hritesh0027,,hritesh0027,1838
deep319,deep319,,deep319,1838
ishank011,ishankarora,,ishank011,1838
io___oi,io___oi,1046,io___oi,1837
c631,codiyapa631,1107,codiyapa631,1837
alok_k,desp__beginner,1308,mt6170078,1837
III_Wolverine_III,iii_wolverine_iii,1457,storm1seven,1837
ssavi,ssavi,1458,ssavi,1837
prashant_mahanta,mahanta,1487,prashant231997,1837
pas7582128,akashpatel20,1598,pas7582128,1837
Niloy_Das_19,niloy_das_19,1602,niloy01,1837
shelam,shelam,1684,shelam,1837
adi0311,enraged,1716,adi0311,1837
anishagarwal20,anishagarwal20,1726,anishagarwal20,1837
arpan_dg,lightningfrenemy213,1839,arpan_dg,1837
akshatbhutra,akshatbhutra,,akshatbhutra,1837
ykv749,ykv749,,ykv749,1837
tanwir1703,tanwir1703,,coder_tanz17,1837
kkb_10,kkb_10,,kkb_10,1837
red24,red24,,satan_cat,1837
Tanishq987,tanishqagarwal987,,tanishq987,1837
BlackSoulReaper,shadowresis,1076,shadowresis,1836
Dhruv_2104,dhruv_2104,1371,dhruv_7545,1836
omniphantom,omniphantom,1417,arvinder56,1836
Ak_Vaya,akshat_vaya,1557,a_vaya,1836
ash_vs_ash,ash_vs_ash,1598,ashishrox,1836
Keshav_j,keshav_j,1610,keshav_15,1836
aayueshbar,aayueshbar,1684,aayueshbar,1836
Pj18,pj18,1697,punit007,1836
anunay777,anunay777,1845,anunay777,1836
NMouad21,nm21,1939,nmouad21,1836
reyad,reyad,,reyad,1836
swastik_1997,swastik_001,,swastikss,1836
manav27,_manav_,1263,manav2727,1835
Mahi_Al_Jawad,mahi_al_jawad,1341,mahi_al_jawad,1835
mehul_20,mehul_20,1441,mehul_2020,1835
phoenix16,cervello,1445,phoenix_1620,1835
_robindhankhar,_robindhankhar,1455,alpha_0000,1835
harryvolde,rohijulislam,1547,rohijulislam,1835
swakansh,linpaws07,1594,swakansh,1835
drdrunkenstein,drdrunkenstein,1632,drdrunkenstein,1835
this_one_gonna_be_a_cool_handle_one_day,blue__legend,1890,aman_joshi668,1835
12tarungupta,tytanium,,tg12,1835
vampire302,udit5656,,udit5656,1835
pentatonix,pentatonix,,guitarlover,1835
uparkhi,ilsm,,lordvoldemort6,1835
itsrohit,itsrohit,,shutup_rohit,1835
Asaduzzaman_Hirok,atondro_wahid,,arcturus_,1835
sourav2999,sourav2999,,sourav2999,1835
sanaa.wadood,sanaa.wadood,,sanaa95,1835
jay__0208,jay__0208,,jay__0208,1835
Adititiwari02,adititiwari02,1178,adititiwari_02,1834
sanjit_prasad,sanjit_prasad,1220,sanjit_prasad,1834
mohitrbhardwaj,mohitrbhardwaj,1274,mohitrbhardwaj,1834
swatikpl44,swatikpl44,1383,swatikpl47,1834
dev_ji_08,who_knows,1523,dev_ji_08,1834
shankhdhar_19,himanshucse_19,1622,shankhdhar2k19,1834
adityakumar007,adityakumar5371,1659,adityakumar007,1834
nkumar2998,nkumar2998,,nkumar2998,1834
vv,viarlivora,,viralivora,1834
khem_singh,that_boy_khem,,khem_singh,1834
MrTEK,mrtek,,mrtek,1834
Pragato,__underrated,,goat82,1834
bhavik07,bhavik07,,bhavik07,1834
anshul_bhatia,anshul_bhatia,,anshul_bhatia,1834
LM10_Piyush,lm10_piyush,1221,lm10_piyush,1833
Abhishek_Raj0037,abhishek_raj0037,1284,mabhi_tethered,1833
bedi_1234,bedi_1234,1430,h_bediii,1833
Bin4ryGh0st_,bin4rygh0st,1440,bin4rygh0st,1833
prakhar_tandon,prakhar_tandon,1446,tandonjiii,1833
alekhgupta1441,alekhgupta1441,1524,alekhgupta1441,1833
1604099_ishtiaq,ishtiaq99,1525,venom_777,1833
nish23,nischal_goyal_28,1558,nischal_goyal,1833
vishal,gvishal,1584,gvishal,1833
aman_xd,aman_m42,1603,aman_xd,1833
gurmeet2000,gurmeet2000,1603,gurmeet2000,1833
cicada2020,cicada2020,1610,cicada2020,1833
mayankgagrwl,mayank_ag,2173,mayankgagrwl,1833
abhay_singh123,,,abhay_0123,1833
FireAce,amit_pandey,,amitpan1007,1833
divyansh2428,divyansh1802,,divyansh2428,1833
shubham_bit2,shubham_bit2,,shubham_bit2,1833
raushanis1,raushanis1,,raushanis1,1833
natsukagami,natsukagami,,natsukagami,1833
_Dexter_,_dexter_,,shubham7616,1833
prachij,prachij,1020,prachij,1832
wanottle,tourbillon,1251,newbeevks42,1832
in_coder_ad,in_coder_ad,1252,in_coder_aps,1832
adarsh8366,john__wick,1327,john__wick,1832
shriwal,shriwal,1407,shriwal,1832
dhiru_16,dhiru_16,1484,dhiru_16,1832
uddhav,uddhav,1637,uddhav,1832
utkarshpandey,utkarsh73,1685,utkarsh026,1832
ista2000,ista2000,,ista2000,1832
pratyushgoel99,pratyushgoel99,,pratyushgoel99,1832
Aakash10399,aakash10399,,aakash10399,1832
yashu24,yashu024,1094,yashu24,1831
devesh_iitism,devesh_iit2k22,1100,devesh_iitism,1831
architgwl2000,architgwl2000,1209,architgwl2000,1831
deadrohan19,deadrohan19,1276,deadrohan19,1831
laddha_345,mihirladdha878,1329,mihir_laddha,1831
ng,naina024,1367,naina_gupta,1831
atharmohd,kickass,1375,athar_12,1831
sarthak_eddy,sarthak_eddy,1398,sarthak_eddy,1831
ankitji,ankitme,1420,am91976,1831
stash,stash_,1424,stash,1831
Ace,gitanshss,1603,gitansh99,1831
Aditya_A16,aditya_a16,1612,adi_201221,1831
whohet,whohet,1613,i_plusplus,1831
harendrasingh,harendrasingh22,1614,harendrasingh,1831
TiTan_Nayan,titan_nayan,1645,nayan_agarwal,1831
spark_in,spark_in,1935,spark_in,1831
vaibhav28,vaibhav96,,vaibhav_96,1831
mayankbajaj2698,mayankbajaj2698,,mayankbajaj269,1831
AryanG123Code,code_aryan123,,code_aryan123,1831
sillentkiller,sillentkiller,,topcoder31,1831
republiCoder,republicoder,1390,kishan111r,1830
mkfeuhrer,mk_codeit,1413,mkfeuhrer,1830
__Keshav,-keshav-,1441,keshav_paliwal,1830
Prabhu,prabhu04,1492,prabhu04,1830
cyber_psych0,cyber_psych0,1608,cyber_psych0,1830
bhubam,bhubam,1646,bhubam,1830
navjotdadwal,navjot1234,1719,navjot1234,1830
Gabbar_23,anshulagrawal100032,1785,anshul_1998,1830
ridhul,king-in-the-south,1811,s1mple_cod3,1830
k_rishabh,sonicboom,,k_rishabh,1830
shrii_06,shrii_06,,shrii_06,1830
fresco_ferdini,fresco_ferdini,,fresco_ferdini,1830
turzo_sawroop,turzo_sawroop,1249,turzo_sawroop,1829
amankishore,amankishore,1334,amankishore,1829
sirfucksalot,raushnn,1396,raushnn,1829
aayushdhakad,aayushdhakad,1409,aayushdhakad,1829
god_ctrl,neelot3pal,1431,nilotpal3_das,1829
salil03,agile_eagle,1471,salil03,1829
Rishab_arora,rishab_arora,1472,da_201501070,1829
maverick123,wolverine16,1545,wolverine98,1829
prabal_singh24,kkmonster,1579,kkmonster,1829
Archi,piccadilly,1626,paras34,1829
mokingjay,saswata.de000,1661,the_antman,1829
Fauji,fauji,1682,faujii,1829
ritik007,mani007,1855,ritikmani007,1829
rachit_,rachit_,1917,rachit_,1829
atrophy98,atrophy98,1958,atrophy98,1829
h190330079,gsvamsi18,,gsvamsi,1829
siddharth25pandey,siddharth_25,,siddharth_25,1829
sherlock45,akashtadwai,1274,akash_tadwai45,1828
Phoenix,abhishek_990,1349,abhishek_770,1828
Kyamat_ka_keeda,kyamat_ka_keeda,1365,kyamat_ka_keda,1828
ahu123,akshay31057,1469,akshpushma,1828
manojgayala,manz,1487,manojgayala,1828
suyashaf,pegasus25,1755,pegasus25,1828
new_to_coding,akshithsriram,,new_to_coding,1828
ayus1410,ayus1410,1355,ayus1410,1827
chamow,chamow,1446,chamow,1827
tashfiq_ahm,tashfiq_ahm,1628,tashfiq_ahm,1827
aryan_luffy,aryan_luffy,1674,aryan_luffy,1827
rko27,rko27,1699,rko27,1827
starboy1299,starboy1299,,starboy1299,1827
kevin_007,kevin_007,,kevin_007,1827
sajju,sajalagrawal14,,sajalagrawal14,1827
Ivan123,i.won,,ivan123,1827
Oryon,oryon,,aryanv__,1827
Is97,is97,,indra1997,1827
ra21,ra21,1135,rishab2022,1826
harjot,harjots,1217,harjot2000,1826
salonityagi,salonityagi,1278,salonityagi,1826
code,yash_thakkar,1298,yash_2711,1826
Nik_start,nik_start,1310,still_hope,1826
kumar_naveen,kumar_naveen,1314,kumar_naveen,1826
code_code_1352,code_code_1352,1363,code_code_1352,1826
farcartoon,farcartoon,1397,farcartoon,1826
Shiv_19,_shivansh--,1418,vlamdir123,1826
divyanshu1150,divyanshu1150,1465,divyanshu1150,1826
sri_srajit,sri_vastava,1557,sri_srajit,1826
Shreya_20,symplicity,1562,hackko_20,1826
ankurdubey521,ankurdubey521,1579,ankurdubey521,1826
sidhant_jain,sidhant_jain,1760,sidhant_jain,1826
psycho,abdul135,,abdul135,1826
codemart786,codemart786,,codemart786,1826
girivijay,vijay_giri,,girivijay,1826
mp9107,mp9107,,mp9107,1826
praveen6,praveenchiliveri6,,praveenchilive,1826
_Asb_,_asb_,,abhaysingh786,1826
Atul0740,atulmishra0740,,atul0740,1826
rajatgedam,rajatgedam,,rajatgedam,1826
anonymous_10,alcatraz24,,yash2406,1826
nian__007,nian_007,791,not_found99,1825
abhinandan_mishra_1,abhinandan_mishra_1,1236,abhimishra1,1825
tushar284,tushar284,1295,tushar284,1825
saniya3010,saniya3010,1414,saniya3010,1825
rajkumar612,rajkumar612,1421,klu_170031093,1825
mohajain99,moha.jain,1428,mohajain99,1825
hars12,hars12,1518,hars12,1825
amit,amit_yadav0,1575,amit_yadav0,1825
nandygupta,nandyboy,1607,nandeeesh,1825
abitnav,abitnav,1696,abitnav,1825
Nian007,not_found99,1721,not_found99,1825
rehank478,rehank478,,rehank478,1825
rishabh101,rishabh101,,rishabh101,1825
amit_raja_kalidindi,wrong_answer,,kamitraja,1825
Paryul10,zegatron,,zegatron007,1825
nilabja10201992,neil145912,1098,neilit1992,1824
wolvorine8569,wolvorine8569,1131,wolvorine8569,1824
toughdude123,toughdude123,1209,toughdude123,1824
bindalmukul99,quetzal,1242,bindalmukul99,1824
vishalsoni242,vishalsoni242,1247,vishalsoni242,1824
servesh196,servesh196,1300,servesh_196,1824
soumik33,soumik33,1306,soumik33,1824
shivansh2000,shivansh2000,1316,shivansh2000,1824
tanisha,tanishamishra,1348,tanisha_06,1824
imdeep18,deepgajera18,1383,imdeep_18,1824
Mestu,mestu,1400,mestu,1824
anupamwadhwa,duke007,1421,anupamwadhwa,1824
arrayboy,undercover_pi,1422,strcmp,1824
rathi_ankush24,rathi_ankush24,1577,rathi_ankush24,1824
Aniket144,aniket144,1634,aniket_144,1824
param98,param98,1941,param98,1824
akhilsaini678,akhilsaini678,,akhilsaini678,1824
MojoAlpha,l.o_o.l,,mojo_ji,1824
boom786,boom786,,boom786,1824
anshikapandey218,anshikapandey,,anshikapandey,1824
himanshushkl691,,,himanshushkl69,1824
manishch6652,,,manishch6652,1824
swastik_banerjee,justanotherlad,948,justanotherlad,1823
ganapati_biswas,ganapati_biswas,1267,ganapati123,1823
natwar2802,nuclear,1288,natwar_2802,1823
fireswan,fireswan,1331,fireswan,1823
Saiphani724,saiphani724,1344,saiphani724,1823
chandancks732,chandan73200,1454,chandan73200,1823
bluefog,bluefog,1511,bluefog,1823
Iamkira907,ankit907,1523,ankit_907,1823
ramanb25,raman,1538,ramanbansal,1823
h_trap,parth,1606,h_trap,1823
screw_1011,screw_1011,1903,screw_1011,1823
vishdom_2304,vishdom_2304,,vishdom_2304,1823
s_piyush,s_piyush,,s_piyush1,1823
codehunter,codehunter,,muradhossen,1823
anparvez10,anparvez101,,anparvez10,1823
amirmd76,amd,,amirmd76,1823
Agaric,agaric,,agaric,1823
aksharma13,aksharma13,1043,aksharma13,1822
SameerBamanha,sameerbamanha,1432,sameer_bamanha,1822
rits1272,rits1272,1436,rits1272,1822
cannon,cannon,1460,prerit_yadav,1822
legacy,temp_newbie,1460,prerit_yadav,1822
abhilash,abhilash007tt_,1491,abhilash007tt_,1822
studyonlyonline,studyonlyonline,1519,studyonline,1822
nkdanta1,nkdanta1,1544,nk_danta,1822
adzo261,adzo261,1562,adzo261,1822
aman__gupta__,aman__gupta__,1773,aman__gupta__,1822
mufaddalnaya,mufaddalnaya,1863,mufaddalnaya,1822
hellb0y_suru,hellb0y_suru,,hellb0y_suru,1822
Diksha11,diksha11,,diksha11_,1822
jisancse,jisan047,,jisancse,1822
Mohit_balwani,mo-hit,,mohit4426,1822
125terminator,terminator125,,terminator125,1822
amrit5,,,amrit5,1822
nsasrr98,nsasrr98,,nsasrr98,1822
shashank_hire,shashank_hire,,shashank_hire,1822
Dhyey189,dhyey189,,dhyeypatel,1822
atishay127,atishay127,,atishay127,1822
aditya2998,aditya2998,1145,aditya2998,1821
3rx,3rx,1161,srx3,1821
saqibkamal,saqib.kamal01,1255,saqibkamal,1821
divyevilking,divyevilking,1284,divyevilking,1821
costheta_z,costheta_z,1425,costheta_z,1821
NayemurRahmanNayem,_aladdin,1445,nayem_000_0111,1821
sagarika12,sagarika12,1531,sagarika12,1821
ansh_bafna,ansh_bafna,1598,ansh_bafna,1821
Spupadhyay,sureshupadhyay900,1620,sureshupadhyay,1821
karthik,karthikchunduru,1632,sl170030258,1821
CoderYOG,kumar_yog,,yogecoder,1821
Jobaidul,jobaidul,,jobaidul,1821
stop_stalk1256,tourist1256,,tourist1256,1821
rohg008,rohg007,,rohangup007,1821
manas17tony,,,manas_17,1821
akash1729,akash1729,1265,akash1729,1820
Klaw,ayush_bhandari,1290,ayush_2022,1820
babangain,babangain,1317,babangain,1820
ritwikh10,harshal_10,1404,hritwik10,1820
25shrestha97,25shrestha97,1455,gsps13184,1820
bhaveshvaswani,bhaveshvaswani,1491,bhaveshvaswani,1820
dcypher,dcypher,1492,kushagrasaksen,1820
anishjha025,anishjha025,1555,anishjha025,1820
ShivY08,shivy08,1571,shivy08,1820
adiabhi,adi1998,1596,adiabhi,1820
kunal_1401,zukonit14,1600,zukonit14,1820
abhishek_patel,abhishek_patel_,1656,sh_myname,1820
devanshigoel,devanshi345,1661,devanshi1234,1820
robin_aust,robin_aust,1671,robin_aust,1820
great762,greatstarashu,1811,great762,1820
neaj_morshad,neaj_morshad_101,,neaj_morshad,1820
rishisharma__,rishisharma__,,rishisharma__,1820
Abhishekwani01,abhi01,,abhi_1501,1820
jainaman10,amanjainnn,,jainaman10,1820
abinash,abinash,,abinash_hstu,1820
tilakparth,tilakparth,,tilakagarwal,1820
amit_chas,amit_chas,,amit_chas,1820
Yahiya_MYK,yahiya_myk,,yahiya_97,1820
jasbir98,jasbir,1015,jasbirsingh,1819
bennyjoseph,bennyjoseph,1162,bennyjoseph,1819
swapnilganguly,swapnilganguly1234,1247,clashwithswap,1819
vic006,vic006,1401,vedavikas06,1819
supriya14,supriya14,1432,silvester14,1819
pranjal__g,pranjal_g99,1434,pranjal_g99,1819
snape_here,snape_here,1447,snape__here,1819
yashraj383,yashraj402,1472,yashraj383,1819
arjun_singh12,arjun_singh12,1484,arjun_singh12,1819
iamanshup,iamanshup,1502,iamanshup,1819
neeladree,neeladree,1676,neeladree,1819
vaibhav_patel,vaibhav_2003,1774,vaibhav_1003,1819
Vaibhav_1003,vaibhav_2003,1774,vaibhav_1003,1819
anshuman_7,anshuman_7,,anshu_7,1819
malikabhishek273,malikabhishek273,,amalik123,1819
AakashKr,aakashkr,,ak9315,1819
open_sorcerer,open_sorcerer,,open_sorcerer,1819
Static_junkk,staticjunkk,,static_junk,1819
npnkhoi,pazabol,,pazabol,1819
freak_reality,yatharth_,1276,starting_over,1818
chabbu,chabbu,1337,sarang_vitpune,1818
sdpsarker88,sdpsarker88,1722,sudip_95,1818
mshang,bmu,1892,mshang,1818
codecunt7,codecunt7,,codecunt7,1818
shadow883,grimjaw,,shadow883,1818
Sudhu_1003,sudhu_2000,,sudhu_1003,1818
sid779,sid779,,sid779,1818
sa_1,,,sa_1,1818
nikhil,nikhilgupta311,,nikhil30_code,1818
ayushaj,ayushaj,,ayushaj,1818
faizamu19,faizalam,1182,faiz_01,1817
rachit_raj,rachit_raj,1280,rachit27198,1817
fahadmd16,fahadmd16,1340,fahadmd16,1817
18_vaibhav,vaibhav_18,1409,vaibhav_198,1817
ayu786,ayu786,1417,ayu786,1817
navi532,navi532,1469,navi532,1817
PARTHO_DAS,partho_das,1612,partho_pdas,1817
Xetrazeus,xetrazeus,1613,nandi_anirban,1817
sourav54,sourav54,1656,algo_sourav,1817
karanaggarwal,karanaggarwal,,karanaggarwal,1817
deeepeshthakur,deeepeshthakur,,deeepeshthakur,1817
raj_orton,bear_grills,,raj_humble,1817
smaran_168,smaran_bhupathi,,smaran_168,1817
darKn8,adi_1992,,adi1992,1817
jimen0luhar,jjimen,,jjimenpanchal,1817
newbie__,123priyankarai,,priyanka_rai,1817
breach,breach,,breach,1817
rohit002,chabhi_kahan_hai,1225,rk_02,1816
Ganeshrockz,ganeshrockz,1247,ganeshrockz,1816
kfdvmdk,singh.yuvraj1047,1300,yuvraj_2503,1816
monsij,monsij,1310,monsij,1816
aadish,aadish,1406,aag_the_fire,1816
anjkk01,anjkk01,1407,anjkk001,1816
pulkitkapoor15,pulkit.kapoor,1431,pulkit_hr,1816
manishkheta321,manishkheta321,1504,manishkheta321,1816
ankit_0301,ankit_0301,1522,ankit_0301,1816
zor_se_bolo,zor_se_bolo,1530,dhiravbro,1816
lakshyag123,lakshyag123,1614,lakshyag123,1816
abhip009,abhi009,1618,abhip009,1816
tushartg,tushartg,1623,tushar_garg,1816
TanClaw,notleplease,1632,donewithwa,1816
ankur1,ankurchourasia,1901,ankur1,1816
sagarthecoder,sagarthecoder2,,sagarthecoder,1816
rk_02,rohit002,,rk_02,1816
Vishi_08,vishi_08,,vishi_08,1816
jda,arihant456,,arihantjain456,1816
abhivick07,abhivick07,,abhivick07,1816
amritanand_13,amritanand_13,,amritanand_13,1816
vs13,vs13,,vs13,1816
KantimahantiSaiPrasannaKumar,,,sai919,1816
suvrojit_06,suvrojit_06,1207,suvrojit_06,1815
2106sakshigupta,sakshi21g,1309,sakshi21g,1815
codershuvo,_shubho_,1417,codershuvo,1815
pulak_mbstu,bhowmik,1435,pulak_ict15030,1815
srivasshubh,srivasshub,1463,srivasshub,1815
deepcpp,deepcpp,1620,deepcpp,1815
aaditya2000,guest_7,1766,aaditya_12,1815
atishya_20,atishya_20,,atishyajain86,1815
rifat_072,rifat_072,,rifat_072,1815
srvptk97,,,srvptk,1815
utkrisht3108,utkrisht.3108,,utkrisht3108,1815
eddycael,eddycael,,eddycael,1815
MYSTRANGE,mysticmaster,,rocknraj,1815
animated_anand,animated_anand,,dream_19,1815
mukeshchugani10,mukeshchugani10,1148,mukesh_10,1814
ayushkumar,ayush0402,1251,vigorous,1814
sumanmaji,sumanmaji,1294,suman_maji,1814
kunal333,kunal333,1348,kumarkunal333,1814
aryan9211,aryan9211,1358,aryan_9211,1814
Sam1tejch,sam1tejch,1392,sam1tejch,1814
nikita,_nikita,1444,nikita__gupta,1814
sachinc_19,sachinc,1502,sachinc_19,1814
foool,foool,1512,hilbert23,1814
surjit_2001,surjit_2001,1613,surjit_2001,1814
vjvjain0,vjvjain0,1621,vjvjain0,1814
devjak,devjak,1787,devendrajakhar,1814
phoenix71,phoenix71,2185,phoenix71,1814
ankrypt,ankrypt,,ankrypt,1814
iamssk,iamssk,,iamssk,1814
akhilendra11,akhilendra11,,akhilendra11,1814
kumarpratyush4,kumarpratyush4,,kumarpratyush_,1814
harsha_19,harsha30,,harsha_23,1814
Kushagra_Goenka,mr.adept,,kushagra751,1814
sirius9,sirius9,1016,sirius9,1813
suyashky,suyashky,1046,suyash_888,1813
activekyson,suyashky,1046,suyash_888,1813
IndraAdhikary,indra_adhikary,1213,indra_adhikary,1813
ashlobo247,ashlobo247,1309,ashlobo247,1813
gargaddy2202,aditya123garg,1345,addy1234,1813
bhagat_shubham,rmivuxg,1351,bhagat_shubham,1813
C0de_Bl0cker,c0de_bl0cker,1441,lit2018013,1813
MRITuhin,rabiul-islam,1629,mrit,1813
Saurav_Paul,saurav_paul,1648,saurav_paul,1813
vontman,vontman,,vontman,1813
SiddhantAttavar,siddhantattavar,,siddhant2005,1813
addy1234,aditya123garg,,addy1234,1813
p_square_m,prthptl14,,p_square_m,1813
the_sharpner,rajat.maurya3423,,rajat_3435,1813
hasitpbhatt,hasit.p.bhatt,,hasitpbhatt,1813
shuba400,shuba400,,shuba400,1813
DebRC,debrc,1001,debrc,1812
chirayu_jain98,chirayu,1192,chirayu_98,1812
prateeksinghal,fortis_sage,1218,fortis_sage,1812
shekhar_1999,shekhar_1999,1218,shekhar_1999,1812
Purendra_,purendra_,1258,purendra1,1812
akash_baghel,akash_baghel,1279,akash_baghel,1812
emrulhasan,emrulhasan,1334,emrulhasan,1812
fahadkhaanz786,fahadkhaanz,1548,fahadkhaanz786,1812
vishesh_iitdhanbad,khatu_shyam_meri_pehchan,1628,khatu_shyam01,1812
divik544,divik544,1632,divik544,1812
mirceadino,mirceadino,2001,mirceadino,1812
flyingbag65,flyingbag65,,flyingbag65,1812
bansal1232,bansal1232,,bansal1232,1812
mepromee,mepromee,,mepromee,1812
piledriver,piledriver,,piledriver,1812
eliteReaper,partha_paul,,elite_reaper,1812
jattdamqabla,ari0408,,arihant0408,1812
volcanus,,,volcanus,1812
amanrajok,a_man_raj,1199,amanrajok,1811
trishala_17,trishala_naman,1462,trishala_naman,1811
cheesetomato,yashokirtisoni,1480,yashokirti16_,1811
iamSadee,iamsadee,1696,iamsadee,1811
yougaindra,yougaindra,,yougaindra,1811
Lakshya_1412,lakshya14,,lakshya0515,1811
aman33459,aman33459,,amunation,1811
Imtechwiz,imtechwiz,,imtechwiz,1811
bitrish,bitrish,1147,code_buz,1810
saurav3199,streaker_rules,1341,saurav3199,1810
valiant_vidit,valiant_vidit,1434,valiant_vidit,1810
varun_lannister,varun_raj,1451,varun_raj,1810
procrastinator,saikarthikmuppa,1478,saikarthik_msk,1810
pearlmm,pearlz,1509,kshitijbapna,1810
abeaumont,abeaumont,1668,abeaumont,1810
void,anand,,v0id14,1810
silentt_killerr,silenttkillerr,,silenttkillerr,1810
agrajagrawal,agraj_,,agrajagrawal,1810
paranoidninja,t1war1,,paranoidninja,1810
yash1998sarda,yash355,,yash355,1810
gaurav321,,,loc321,1810
swagsy,swagsy,,mehul_23,1810
Is35,decoder07,1083,ksuyash745,1809
AayushAC1998,aayushac1998,1254,aayushac1998,1809
mgautam,yw6wk,1260,mgautam98,1809
BabyShadow,baby._.shadow,1283,babyshadow,1809
choudharysunnyshiv786,ssc2001,1311,ssc_2001,1809
DynamicPranjal,dynamicpranjal,1402,toxicviper,1809
kartikey104,kartikey104,1497,kartikey104,1809
vivek0206,vivek0206,1615,vivek0206,1809
klexis,klexis,2223,klex,1809
puneet_08_,puneet_08,,puneet_08_,1809
iamtoxicviper,dynamicpranjal,,toxicviper,1809
ankur2409,revas09,,ankur2409,1809
junior08,junior08,,junior08,1809
pratikjain226,pratikjain226,,pratikjain226,1809
Kunalc,k_u_n_a_l_c,,kunalc,1809
ArnavVarshney,varshney.arnav,1221,arnavvarshney,1808
riddle17,riddle17,1273,riddle17,1808
include_sajal,include_sajal,1290,include_sajal,1808
fyter_112,fyter_112,1303,fyter_112,1808
moiz_hussain,moiz_hussain,1304,moiz_hussain,1808
taivan_r,frostbite,1351,taivan_reza,1808
praknew01,james_bot,1449,praknew01,1808
shrutijain206,shrutijain20,1462,shrutijain206,1808
vector96,vector96,1477,vector96,1808
shivam51,heath_cliff,1492,shivam51,1808
Flop_coder,flop_coder,1492,flop_coder,1808
ransh,ransh,1526,ransh,1808
venkatvb,venkatvb,1605,venkatvb,1808
lokpati,lokpati,,lokpati_10,1808
ashunimbz,avada_kedavara,,ashforever007,1808
naimish_singhj,naimish-singh,,naimish_singh,1808
im_sanyam,im_sanyam,,im_sanyam,1808
hellothere123,mr_cruise,1277,krishrustagi,1807
mayankmj30,mayankjain3010,1442,mayankmj30,1807
syntaxError029,2braincells,1453,syntaxerror029,1807
dheerajkotwani,dheerajkotwani,1468,dheeraj_0904,1807
yash_kakarot,yash_kakarot,1517,yash_code_guy,1807
anshshah456,dream_cyan_blue_purple,1533,govardhanshah,1807
devesh08,devesh08,1609,devesh08,1807
shouryap,shouryap,2102,shouryap,1807
Himanshu_ramoliya,himanshu.ramoliya,,himanshu1120,1807
jaideeppyne1997,jaideeppyne1997,,jaideeppyne,1807
gabrudj,gabrudj,,gabrudj,1807
DeVasu,ano_nymous,,devasu,1807
topmost,partharora1010,,p4parth,1807
GodSpeed13,godspeed13,,a_anand1,1807
pratik1999,pratiksunny,1147,pratiksunny,1806
freakcap,freakcap,1157,freakcap,1806
gagandeepahuja09,gagandeep98,1225,gagand33p,1806
tonystark0050,himank_goel,1285,himankgoel,1806
sonupmandal,sonupmandal,1305,sonupmandal,1806
cs234_shrey,cs234_shrey,1336,cs234_shrey,1806
bharathsan,bharathsan,1416,sanbharath1999,1806
joe_t78,joe_t78,1470,joe_t78,1806
A_man909,a_man909,1935,a_man909,1806
satyam_51,satyam_512,,satyam_51,1806
flamestorm,flamestorm,,flamestorm153,1806
hulk_baba,hulk_baba,,hulk_baba,1806
AbhiSanta,abhisanta,,santhabhishek,1806
aashu_01,aashu_01,1129,aashu_01,1805
prabhashrai02,prabhashrai02,1173,prabhashrai02,1805
an2609,an2609,1194,an2609,1805
hkd,agile,1255,hemantkediyal,1805
riddhi77,riddhi77,1277,riddhi77,1805
debargham14,debargham14,1323,debargham14,1805
mrityun_mahato,mrityun_mahat,1343,mrityun_mahato,1805
Aman_Codes,aman-codes,1365,aman_dwivedi,1805
hardikgulati2996,the_monster_hg,1433,hardikgulati96,1805
ayush57,servermonk,1462,ayush572000,1805
Keepitsimple,harsh_verma,1627,harsh_verma,1805
SakibAlamin,sakib_alamin,1737,sakibalamin,1805
amstan,amstan,1838,amstan,1805
Hailo,hailo,2045,hailo,1805
jheel4,jheel4,,jheelpatel97,1805
saan,saand_nitd,,saand_nitd,1805
hrsvrdhn,hrsvrdhn,,hrsvrdhn,1805
vmharwani,deadshot13,,vmharwani,1805
Mohd_Faisal,mohd_faisal,,silvershaded,1805
PARTH_4399,parth_4399,,hungry_chef,1805
azadkumar,azadkumar,,azadkumar,1805
divyaraj_vaghela,divyaraj_vaghela,,divyaraj_1,1805
todumanish,manish30,,todumanish,1805
tanmax,tanmax,,not_today,1805
ardhya,ardhya,,ardhya,1805
Jack2318,jack2318,,jack2318,1805
rajneesh_18,rajneesh_18,,rajneesh_18,1805
gopikrishna_p,gopikrishna_p,1176,gopikrishna_p1,1804
hridoy_089,tareqmahmudhridoy,1191,hridoy_089,1804
abhi_admin,abhi_admin,1284,abhi_admin,1804
A_A_N_R,nur_riyad,1309,nur_riyad,1804
ishaan19,ishaan19,1405,syntaxerorr,1804
KDSB,_contender_,1489,karanbajwa9912,1804
manasp,manasp,1530,manasp,1804
mahabubrahman,mahabub.rahman,1543,mahabub618,1804
ishuu,ishuu7,1550,chandlerbing7,1804
Noob_MB,noob_mb,1900,mananbordia,1804
monsterspy,monsterspy,,arjunrana19,1804
anandanimesh99,anandanimesh99,,anandanimesh98,1804
Devanshul,silverwing05,,devanshul,1804
Vikas,vikas_gautam,1257,vg5823967,1803
laksh_balani,laksh02balani,1271,laksh02balani,1803
ojha_vivek,ojha_vivek,1411,ojha_vivek,1803
Black_heart,kushrike,1411,kushalsrivasta,1803
paawan9s,paawan_singal,1453,paawan_singal,1803
imsidduroy,imsidduroy,1479,imsidduroy,1803
Islam_Rafat,islam_rafat,1502,islam_rafat,1803
XBuriza,xburiza,1557,xburiza,1803
abhi5hekk,abhi5hekk,,abhi5hekk,1803
Hazardous120,hazardous120,,hazardous120,1803
bkunjesh,bkunjesh,,kunjeshb,1803
yashvardhan29,yashvardhan29,,yashvardhan29,1803
clairevoyance,nikka18,,silentknight16,1803
soviet28,soviet28,,soviet28,1803
miss_me_9,miss_me_9,,shiv_9,1803
rajansh87,anshraj_shrivastava,953,rajansh87,1802
ankush_kr,ankush_kr,1062,ankush_kr,1802
SharmaJiKaLadka,grindgame,1078,divergent42,1802
gk_8235,lucifer0897,1183,lucifer0897,1802
alderson,elle22,1293,abhinav018,1802
atharva_adhav_,atharva_adhav_,1298,atharva_adhav_,1802
saifncoder,saifncoder,1350,saifncoder,1802
noob_26,noob_26,1376,noob_26,1802
Dilemma27,dilemma27,1402,potterhead_07,1802
Manjur13673,manjur15,1432,manjur13673,1802
theviralv,theviralv,1606,theviral_v,1802
rob_in_1,brainyisthenewsexy,1611,rob_in_1,1802
ayushsingh,ayushsinghiitr,,ayushsinghmf,1802
m_patel,m_patel,,m_patel,1802
ms__,ms__,,m_sharma,1802
shubho5das,shubho5das,,sd05,1802
lakshya_cr2,,,lakshya8779,1802
ab_code,ab_code,,ab_code,1802
code_astra,code_astra,,code_astra,1802
sahumohit22,sahumohit,1181,sahumohit,1801
nitin_2102,nitin_k_shukla,1296,nitin_2102,1801
tiwari0000,tiwari0000,1300,sidd8528,1801
krishna_07,krishna_07,1354,krishna071,1801
dwivedkunal100,dwivedikunal100,1422,dwivedikunal10,1801
piyush380,piyush380,1426,piyush380,1801
sam2506,just_watch,1744,sam2506,1801
joker70,joker70,1900,joker70,1801
Abhijith190300,abhijith190300,,abhi190300,1801
boovi,boovi,,boovi,1801
karan2604,karan2604,1188,karan2604,1800
Sm210199,sm210199,1241,shubhammittal2,1800
vigneshrc,vigneshrc,1309,vigneshrc,1800
refertoyash,refertoyash,1313,shivyash9,1800
harshavaranasi,harshavaranasi614336,1325,harsha_man,1800
ram_mahto,ram_mahto,1334,ram_mahto,1800
charan9948,charan9948,1397,charan9948,1800
ebiswas,ebiswas7516,1425,emonc193032,1800
bp274,bp274,1468,bp274,1800
Arthur_08,arthur_08,1469,arthur08,1800
sandy5858,sandy5858,1523,sandy5858,1800
abhinavagarwal79,cool__dude__69,1566,sanketagarwal,1800
Zayadi,zayadi,1686,ahmedalzayady,1800
GoTora,sabercpp,,sabrecpp,1800
Vivek_07,ronny_123,,vivek_singh123,1800
arpan10godiyal,arpan_100,,arpan10godiyal,1800
abhi1260,abhi1260,,ab2214,1800
devendr09,devendr2609,,shirogane,1800
sam_jn,sam_jn,,sam_jn,1800
rk173238,rk173238,1003,rk173238,1799
amanagarwal03,amanagarwal03,1112,amanagarwal03,1799
blazing_zap18,blazing_zap18,1308,suyash1814,1799
deepakyadav18,deepakyadav18,1334,deepakyadav18,1799
Ruhan,ruhan_the_error_coder,1338,knight_rider_r,1799
anto777,anto777,1441,anto777,1799
Nieb_Hasan_077,nieb_hasan_077,1464,nieb_hasan_077,1799
king_Bradley,kill_or_be_killed,1469,kill_or_kill,1799
titanium_24,shikhargup_19,1471,shikhargup_19,1799
Namanlalit,naman.lalit,1562,namanlalit99,1799
nick432,bronax,1641,bronax1,1799
Deepesh_Sah,deepesh_sah,1663,deepesh_sah,1799
anshul_jindal,anshul_jindal,1698,anshul_jindal,1799
svaderia,svaderia,1841,shyamal1312,1799
blazer_007,blazer_007,,blazer_007,1799
kshitijanand36,kshitijanand36,,aim_google234,1799
thestsaikat,stsaikat,,thestsaikat,1799
Nitin_ksh,nitin_ksh,,n_18bcs6626,1799
normal_15,normal_15,,nike_rkt,1799
cyclades,cyclades,1227,cyclades,1798
anuragdvd,anuragdvd,1320,botdvd,1798
kissu_pari_na,kissu_pari_na,1327,namomizarahid,1798
sam_b,sam_b,1332,sam_b,1798
imshubh7,imshubh7,1418,imshubh7,1798
saifu,saifurrahman,1427,saifu0,1798
motoman,v_ns,1435,v_ns,1798
diegogrc,diegogrc,2338,diegogrc,1798
rajshah9914,rajshah9914,,rajshah9914,1798
aditya130420,aditya_1304,,aditya_1304,1798
allrounder,allrounder,,raja44ever,1798
gnana_19,gnana_19,,gnana_19,1798
mrkorat,vrkorat211,,mrkorat,1798
savage_coder,savage_coder,,savage_coder,1798
pramodjais123,pramodjais123,,pramodjais517,1798
Kakarot00,kakarot00,1315,kakarot00,1797
smile001,smile001,1367,smile001,1797
vaibhav_lmp,vaibhav_lmp,1376,vaibhav_lmp,1797
HarshKumbhat,harshkumbhat,1454,kumbhat_harsh,1797
andromeda,tomandjerryfan,1600,debk,1797
Debarghya,tomandjerryfan,1600,debk,1797
rawnix,rawnix,2053,rawnix,1797
Ravi_26,ravi_26,,rravi_123,1797
aloo123,aloo123,,aloo1304,1797
pratyush_12,pratyush_11,,pratyushjagaty,1797
qlf9,qlf9,,qlf9,1797
aayush_1607,aayush_1607,,aayush_1607,1797
suyashsrv7,suyashsrv7,,suyashsrv7,1797
THUNDER,_.thunder._,1065,krenil_1511,1796
vaps2012000,vaps2012000,1228,killer59,1796
agarwalavinash_aa,agarwalavinash14,1236,avinash1998,1796
yadav171097,aky121,1247,yadav171097,1796
vaibhav29498,vaibhav29498,1290,vaibhav29498,1796
yashwant_kumar,yashwant750,1326,eagle750,1796
jaskirat01,jaskiratsingh,1354,jaskirat01,1796
Lukman03,lukman03,1395,lukman03,1796
m99,destroyed,1399,moudud99,1796
jainam102,jainamshah102,1410,jainamshah102,1796
abinator_1308,abinator_1308,1504,abinator_1308,1796
ay_singh,ay_singh,1505,aysing,1796
Reayz,reayz,1513,reayz,1796
harshraj22,harshraj22,1515,harshraj22,1796
alien_Y,jatinmunjal2k,2107,jatinmunjal2k,1796
redblade098,redblade098,,redblade098,1796
Dablu_saha,dablu_saha,,dablu_saha,1796
rts13,rtsaurav,,rtsaurav3,1796
nitish235,nitish235,,nitish235,1796
bvian315,bvian315,,bvian16,1796
ashwinginoria,ashwinginoria,,ashwin2105,1796
jain_shub,jainshub755,1254,coder_jainshub,1795
shivang_1234,shivang_1234,1329,shivang_1234,1795
Abhishek1152,bigo1,1355,abhishek1152,1795
antik,antik_01,1406,antik_gr,1795
codeknight13,codeknight13,1412,codeknight13,1795
Vishalthinks,vishal_bharambe,1419,vishalthinks,1795
amanbhawsar99,amanbhawsar99,1447,aman_bhawsar,1795
fa1k0n,fa1k0n,1456,abhigupta3,1795
AnsShohan,phoenix-_-,1479,ansshohan,1795
Intellique,intellique,1563,arpit2401,1795
manish_d_k,golden.duck,1610,goldenduck_1,1795
doremi,doremi,1633,doremi,1795
Tashdid_trdb,gola,,tashdid_trdb,1795
bl4ckfr05t,bl4ckfr05t,,antik_gr,1795
divman78,divman78,,divman78,1795
sathwik,2000,935,sl170030673,1794
Jatin_Pal,jatin_pal,1072,jatin_54,1794
Sachin_99,sachinshukla,1382,maggie_99,1794
kartike,kary_,1430,kary_kk,1794
AKavenger,akavenger,1456,avinashk19,1794
pratyaydeep,shadox,1461,pratyaydeep,1794
akman10,akman10,1499,akman10,1794
rky673,rky673,1567,rky673,1794
khan_rahim,khan_rahim,1638,khan_rahim,1794
tirtha_24,stay_away_muggles,1817,sut99pal,1794
Amir_Reza,amir_reza,2477,amir_reza,1794
dhriti01,dhriti01,,dhriti_g01,1794
sinnersneversleep,sinnersneversleep,,sinersnvrsleep,1794
abhiman1012,abhimananand1012,,abhiman1012,1794
shriram0558,shriram0558,,shriram0558,1794
e_n_d,e-n.d,,rajprakrit67,1794
vshlparmar4,rasmalai69,,vshlparmar4,1794
onk_r,onk_r,1201,onkar27,1793
mayank0802,mayank0802,1218,mayank0802,1793
sirius_black,vicky1997,1238,vicky1997,1793
noob_pratham,noob_pratham23,1238,noob_pratham,1793
ash88,ash88,1314,ashif_29dec,1793
mr_AA,mr_aa,1315,mraa_1234,1793
Sudheer_121,dumbbell_code,1318,sudheer_121,1793
abgupta531,abgupta531,1358,ab_rock,1793
aditya730,aditya731,1383,aditya730,1793
theoden42,gtheoden42,1443,theoden42,1793
Joker,joker0o7,1446,joker_0o7,1793
hsingla009,hsingla009,1463,hsingla009,1793
dragonman164,_dragonman164,1506,dragonman164,1793
umangs9977,umang_us,1587,ummu8083,1793
eat_code,eat_code,,aepari14,1793
master_killer,swapnil1203,,master_killer,1793
Rhymester,long_time_no_she,,tanha_barati,1793
shreyasshetty788,delayedgratification,1143,shreyasshetty7,1792
sandeepgprs,sandeep.gprs,1153,sandeep9,1792
rijusougata13,rijusougata13,1230,rijusougata13,1792
kawach,kawach,1263,kawach_,1792
prashant_wan,prashant_sajwan,1312,prashant_wan,1792
zhatab_saifi,zhatabsaifi,1408,zhatab_saifi,1792
IIUC_minhazmiraz,iiuc_minhazmiraz,1409,minhazmiraz,1792
prakhar_070,viratian_070,1427,prakhar_070,1792
yashshah,yashshah,1440,yashshahiiitdm,1792
_75_,_75_,1581,sha_75,1792
introverted,introverted,1738,sajib_only,1792
arjunbangari,arjunbangari,1806,arjunbangari,1792
yead_025,sm_yead,,yead_025,1792
abhinash_889,n0_name,,abhinash_rai,1792
sajib_only,pizzaa,,sajib_only,1792
weastel,weastel,,weastel,1792
ronakkhandlwl,ronakkhandlwl,,ronakkhandlwl,1792
arsator,anish_kr_jha,,anish_kr_jha,1792
N_Assass1n,n_assass1n,1090,n_assass1n,1791
melhor,aman_raj02,1093,aman_rj02,1791
the_kng_in_th_nrth,the_king_in_the_nrth,1187,kng_in_d_nrth,1791
aman_aggarwal006,aman.aggarwal006,1284,amanaggarwal30,1791
fool,kgarun50,1375,kgarun,1791
krshubham,r3dcherry,1387,krshubham,1791
Mewser,_mewser_,1444,mewser,1791
sajib_biswas,sajib_kumar_biswas,1464,sajib_biswas,1791
winwin697,anshijain6,1468,winwin697,1791
sharad2307,sharad2307,1532,sharad2307,1791
LightYagami,madarauchiha,1543,nejihyuga,1791
assembler,branimir,1808,branimir,1791
eskay38,eskay_38,,eskay_38,1791
thunderstroke,thunderstroke,,thunderstroke,1791
ankitgupta123445,ankitgupta123445,,ankitgupta123_,1791
ekthapriyesh24,ekthapriyesh24,1168,ekthapriyesh24,1790
abhi_dhanraj,abhi_dhanraj,1411,abhishek_dj,1790
abhi_sinha60,abhi_sinha60,1515,abhi_sinha60,1790
Akhil_Rautela,akhil_rautela,1545,akhilrautela,1790
goyalyash1962,gobhi,1602,goyalyash1962,1790
MODE_ACTIVATED,algoriscoder,1611,algoriscoder,1790
shubhangp5,shubhangp5,1709,shubhangeep5,1790
Light01,varandeep01,,varan245,1790
snjumaheshwari,snjumaheshwari98,,snjumaheshwari,1790
hit023,hit023,,falero,1790
nirjoy_139,nirjoy_139,,nirjoy,1790
arvind24,arvind24,,arvind_241999,1790
samaranand,samaranand,,samaranand1,1790
NalinTiwary,nalintiwary,,nalin2409,1790
frankelstein11,rahulverma1105,,rahul_1105,1790
mish,abhijeet.s.mishra,944,abhiri_02,1789
nandishwar001,nandishwar001,1109,nandishwar001,1789
sakshamm14,sakshammm14,1407,sakshamm14,1789
diveshuttam,diveshuttam,1422,diveshuttam,1789
himpat29,himpat29,1455,himpat29,1789
it_is_tough,trying_n_trying,1467,it_is_tough,1789
van_persie9,van_persie9,1570,van_persie9,1789
viju4076,viju_4076,1648,viju_1234,1789
blinker,pswami,,pra_dyu_man,1789
bitshar,bitshar,,bitshar,1789
ap_darknight,ap_darknight,1209,cr37_darknight,1788
singh24vishal,singh24vishal,1307,singh24vishal,1788
gautom5987,gautom5987,1318,gautom5987,1788
kiliet,kiliet,1327,kiliet18,1788
SanskarSharma,_codingbug,1343,sanskar_33,1788
sunnyrathee101,sunnyrathee101,1430,sunnyrathee101,1788
gamma30,iusearchbtw,1432,gamma30,1788
harry_game,harry_game,1465,harry_game,1788
siddhantgarg11,siddhantgarg11,1488,siddhantgarg11,1788
tanvir002700,imaginewarrior,1493,tanvir002700,1788
nehal1207,neon1207,1606,nehal1207,1788
harsh_it2003,harsh_it2003,1613,harsh_it2003,1788
Saurabh303,saurabh303,1643,saurabh303,1788
SDas,sudeept,1660,sdas_9876,1788
ani37,ani37,,ani37,1788
mystic_soul,evenx,,fagulator_21,1788
kartikey30,kartikey30,,kartikey30,1788
aurko96,aurko96,,aurko96,1788
harish_hari,_noobie_,1224,harish_49,1787
greedycoder69,greedycoder69,1291,faizan_7417,1787
Shivam10025,shivambindal2611,1386,bindal_123,1787
azad_7,azad123,1415,azad123,1787
manoj_269,manojkannekanti,1431,manoj_269,1787
aka38,aka38,1450,aka38,1787
ImHereForTheMath,inojosacs,1604,inojosacs,1787
vinayakawanti,vinayakawanti,1629,vinayakawanti,1787
utkarsh123,utkarsh_kumar,1930,utkarsh__kumar,1787
mudit,mudit,,mksingh458,1787
parth_patel15,parth_15,,parth_patel15,1787
Laxman77,laxman77,,laxman77,1787
sangram_skm,sangram_skm,,rkl_stranger,1787
srd2705,srd2705,977,srd2705,1786
SmileForever,ismail,1109,smile_forever,1786
notMash3r,notmash3r,1127,mash3r,1786
konnesrikanth,srikanth31,1216,konnesrikanth,1786
captainsteve,captainrogers,1227,captainsteve07,1786
khyati19,khyati29agrawal,1362,khyatiagrawal,1786
Akshat001,akshatsachan,1440,aksa1111,1786
shivam496,shivam_,1445,shivam496,1786
Vibhor_Bhatnagar,vibhor_bhatnagar,1462,beast_376,1786
i_can_win,tushargarg0110,1595,tushargarg2000,1786
Riyuzak251097,riyuzak251097,,mayank2510,1786
mohaimin66,mohaimin66,,mohaimin66,1786
Wolverine,rishabh_verma,,w0lverine,1786
bhavya_arora,bhavya_arora,,bhavya786,1786
karan_arora,karan_arora,,karan_arora,1786
hyper_shyam,geeky_shyam,,i_am_shyam,1786
vatsalsharma376,vatsalsharma376,1275,vatsalsharma_3,1785
jainpranjal_270,jainpranjal_270,1278,jainpranjal_27,1785
sy_117,sy_117,1337,sy_117,1785
killerrobot,killerrobot,1391,vishnupoddar12,1785
Priyesh001,priyesh001,1432,dp1priyesh3_3,1785
Relaxxpls,relaxxpls,1491,relaxxpls,1785
Azadi_f1995,frez,1620,azadi_f1995,1785
shivamraj74,74shivamraj,1649,shivam74,1785
S7a2a7d,s7a2a7d,,saad00ahmad,1785
inovation123,abhi.nitm1234,,inovation123,1785
singh_vipul,singh_vipul,,singh_vipul,1785
itsishan,ishancosmos25,,eternityishan,1785
Shashwat_07,shashwat_07,,shas_07,1785
rokibulhasan7,rokibulhasan114,,rokibulhasan,1785
souravrax,souravrax,,carfry,1785
alok123t,alok123t,,alok123t,1785
Anirudh_Veeramalla,anirudh55,,anirudh_55,1785
harshkanani,harshkanani014,1039,harshkanani004,1784
raushan_103,rishu_103,1214,rishu_103,1784
nostar,nostar,1265,ashwajeet1234,1784
piyush225,piyush225,1342,piyush225,1784
bhavik_20,bhavik_2001,1351,bhavik_20,1784
priyanshu_2,priyanshu_2,1375,priyanshu2,1784
ritik_agarwal,ritik_0007,1420,ritik_0007,1784
sarodemayur55,pict1115,1475,pict1331,1784
Karad_1818,karad_1818,1579,karad_1818,1784
alpha_killer,alpha_killer,1616,alpha_killer,1784
sidbhati10,siddharthbhati10,1622,sidbhati,1784
jatin_cpp,jatin_cpp,1708,jatin_cpp,1784
zeus0106,zeus0106,1775,zeus0106,1784
tan11,natyam,,tan11,1784
mrc01,mrc01,,mrc01,1784
iRatherFear,iratherfear,,a_man_nad_af,1784
Rushikesh1996,rushikesh1996,,rushikesh_2396,1784
kupu,prmondal,,prmondal,1784
ankitaggarwal23,ankitaggarwal23,996,aggarwalankit,1783
JayantGoel001,jayantgoel001,1249,jayantgoel001,1783
saurabh945644,rational_fool,1257,saurabh9456,1783
say_na,say_na,1276,sayna33,1783
Dan_,dan_,1378,sumedhk,1783
satyam_m_20,satyam_m_20,1432,satyam_m_20,1783
satyam_20,satyam_m_20,1432,satyam_m_20,1783
RF_Faisal,rf_faisal,1433,rf_faisal,1783
zish0106242,zish0106,1433,zish0106,1783
pd_ace,pdace,1480,vader_darth,1783
shashank451,pdace,1480,vader_darth,1783
coder1033,coder1033,1524,coder1033,1783
agrajgarg,agrajgarg,1588,agrajgarg,1783
thinkcentre_ns,thinkcentre_ns,1768,thinkcentre_ns,1783
Maverick,maverick_god,,maverick_god,1783
NoStalkingPliss,atulyakv,,codeak23,1783
Pancake,repper,966,ankit0107verma,1782
hyturing,hyturing,1208,hyturing,1782
avishek,aviii23,1255,avishekt,1782
INF1N1TY,infinity567,1275,infinity_567,1782
djdheeraj5701,djdheeraj5701,1286,djdheeraj5701,1782
satyam1104,satyam1104,1399,satyam_patidar,1782
crypt_405,crypt_405,1414,crypt_405,1782
beast_sr,beast_sr,1495,beast_sr,1782
jyoti369,kgecian_23,1517,jyoti369,1782
amap,pratyushsetu28,,pratyushsetu,1782
ankush_c_21,pamho108,,coderankush,1782
kashish001,kaygie,,kashish001,1782
Shafin666,shafin_ahmed,,shafin666,1782
siva2697,siva2697,,siva2697,1782
dk96,dk96,,dk96,1782
ashisha23,ashisha23,,ashisha690,1782
DB_COOPER,db__cooper,,pushkal_mani,1782
Atul_soam,atul_soam,1219,atulsoam563,1781
NishuSharma18,nishusharma,1249,nishu_sharma18,1781
mbstu_nitai,mbstu_nitai,1253,mbstu_nitai,1781
poojasingh,pooja_19,1336,p_singh_19,1781
saurav_s00,saurav_s00,1357,assassin_ss,1781
pranjalkandhari,pranjalkandhari,1414,pranjal1,1781
Kaiser17,kaiser17,1426,kaiser17,1781
atul_pandey94,atul_pandey94,1455,atulpandey94,1781
sprkgoyal,sprkgoyal,1502,sprkgoyal,1781
knightron0,knightron00,1644,sarthakmangla,1781
varunkamani19,v_kamani19,1671,varunkamani19,1781
AR_Nasim,ar_nasim,,nasim74,1781
crehan_s,crayon144,,crayon144,1781
satyam552000,satyam552000,,satyam552000,1781
Amitharitwal,amitharitwal,,amit02082000,1781
lonewolf,kinginthenorth_,,l0new0lf13,1781
Ankushg08,ankush08,,ankushg08,1781
_EmbEr,_ember,,aaran_roy_iitp,1781
AvishK,avish00,,avish00,1781
mish_rr_a,mish_rr_a,998,mish_rr_a,1780
skyearn,ydsakshi023,1103,ydsakshi023,1780
mann2108,mann2108,1107,mann2108,1780
rohanjauhari,rohanjauhari,1131,rjauhari,1780
dilsecoder,dilsecoder,1232,dilsecoder626,1780
sanchit2812,2812sanchit,1299,sanchit2812,1780
nandikeshsingh,blacklogic,1321,nandi4321,1780
ajaman13,jainaman1398,1343,ajaman13,1780
raisinten,raisinten,1389,raisinten,1780
arpitgpta,arpit_gpta,1408,fresh_cp,1780
comore,comore,1459,girdhar12,1780
sk018,sk018,1613,sk018,1780
ankitdtu007,ankitdtu007,,ankitdtu007,1780
sleepify,sleepify,,taraprasad73,1780
victor142,victor142,,victor142,1780
dark_forest,dark__forest,,abhinavpal404,1780
ashutosh_patel,ashutosh_patel,,its_prince,1780
pranav,prnv,,guptaprnv,1780
Rockingamer,rockingamer,851,rockingamer,1779
user_7897,satish7897,1202,satish8115,1779
harshitjaiswal,harshitjaiswal27,1311,harshitjaiswal,1779
satish8115,tox3.0,1344,satish8115,1779
archit_07,archit_07,1362,archit_07,1779
UnaidedCan,horridbear,1394,nitesh_coder12,1779
k4droid3,k4droid3,1402,k4droid3,1779
prady_999,dominic11,1549,dominic11,1779
Intrincantation,wolfblue,1889,frozenflame,1779
tramplingBrain,,,toxico_brains,1779
piyush116,piyush.garg,,pichus905,1779
soy_max,soy_ankit,,soyankit,1779
banipreet,banipreet.raheja,,banipreet,1779
aayush24_11,bone_breaker,,bone_breaker,1779
Abhi_Kharpal,abhi_kharpal,,abhi_kharpal,1779
giggz07,gauravhbk06,,giggz07,1779
Xyron10,varun12,1093,varun101,1778
adi1011,adityaseth,1104,adityaseth1011,1778
anandankur,anandankur,1202,anandankur,1778
surbhi_015,surbhi_015,1233,surbhi_015,1778
cervotrex,cervotrex,1261,cervotrex,1778
Saivamshi_1,srisaivamshi,1288,saivamshi1,1778
rahulagrawal,rahulagrawal,1291,rahulagrawal97,1778
soumya_98,soumyasarkar1998,1298,soumya_98,1778
abhijeet010304,abhijeet010304,1474,abhijeet010304,1778
komaldeep001,komaldeep001,1505,komaldeep001,1778
pricodes_22,priyansh_2203,1544,priyansh_2203,1778
harshitgupta410,harshit041,1617,harshitgupta10,1778
Prathamesh3011,prathamesh30,1644,prathamesh11,1778
thegamer1907,thegamer1907,,thegamer1907,1778
hackxsaras,hackxsaras,,hackxsaras,1778
edusanketdk,edusanketdk,,edusanketdk,1778
princess,princess23,,return_23,1778
seeme,princess23,,return_23,1778
prabhav401,prabhav401,905,prabhav401,1777
afshaan08,i.afshanshekh,1104,afshaan08,1777
ankit022,ankit022,1219,ankit022,1777
monster_coder,monster_coder,1303,veryfewac,1777
feelme,feelme,1351,feelme,1777
td_1417,tatvam14,1366,td_1417,1777
Shailabh10989,shailabh10989,1375,shailabh10989,1777
manishnangliya,manishnangliya,1390,manishnangliya,1777
Beyond_ay,beyond_ay,1414,beyond_ay,1777
naman1208,naman1208,1422,naman1208,1777
melody00,melody00,1427,melody00,1777
satyam_kant,satyam_kant,1438,satyamkant2805,1777
krusher15,kaustubh152003,1457,kaustubh2003,1777
shivam_jain,shivam_jain,1738,shivam_jain,1777
dasper,dasper,,dasper,1777
Kawchar85,kawchar85,,kawchar85,1777
eonx_32,eonx_32,,eonx_32,1777
Mastermind222,mastermind222,,mastermind222,1777
lazywitt,lazywitt,,lazywitt,1777
__Aparna__,aparna1_20,,aparna06,1777
Vecto,nileshiiits,1216,nilesh2000,1776
deone,decker,1261,deepakmourya,1776
Aditya183,aditya183,1293,adityapatel183,1776
deepak_d14,deepak_d14,1338,deepak_d14,1776
sumit,sumit083,1343,sumit_011,1776
Heisenberg_65,heisenberg_65,1367,abhinavpitliya,1776
shubh_gupta06,shubh_gupta06,1381,shubh_gupta06,1776
manoj1729,kgmkr00001,1429,girijamanoj,1776
rv6023,exitcode,1450,rahul60231023,1776
ashu_keshri,ashu_keshri,1457,ashu_keshri,1776
atharvat77,atharvat77,1488,atharvat77,1776
xXprokodarXx,xxprokodarxx,1631,prokodar,1776
nihal798,nihal77,1650,nihal77,1776
omsgunjal2003,omsgunjal2003,,omsgunjal2003,1776
abh_u,-_-_-,,abh_u,1776
tasnidmahin,tasnidmahin,,tasnidmahin,1776
simha_srivatsa,focused_psycho,,simha,1776
iamrajiv,iamrajiv,,iamrajiv,1776
Abhi_2109,,,abhi2109,1776
garnab27,garnab27,,garnab27,1776
shivamojha99,starboy_99,,shivamojha99,1776
kamesh_11,kamesh11,,kamesh_11,1776
ankitwadhwa1402,ankitwadhwa1402,1063,ankitwadhwa140,1775
prem111,prem111,1202,prem111,1775
Humblebee,humble-bee,1227,naruto547266,1775
Henrick993,henrick993,1234,henrick993,1775
all0fme,all0fme,1299,nikhil0203,1775
fakenaim,naimul_hasan_naim,1425,naimul,1775
ankitmaurya_19,ankitmaurya_19,1439,ankitmaurya_19,1775
prachigoel98,prachigoel98,1441,prachigoel98,1775
alphaguy4,alphaguy4,1456,alphaguy,1775
f20160363,f2016363,1458,f20160363,1775
mangat_angad,mangat_angad,1470,mangat_angad,1775
akashsingh,akashsingh,1533,akash_s,1775
leonardo_anjos,las4,1576,leonardo_anjos,1775
Tenuun,tenuun,1874,tenuun,1775
404fixer,govindtomar,,govindtomar21,1775
maruf910,pacific,,marufur,1775
bhanu_143,bhanu_143,,bhanu_3,1775
MinArray123,geekpradd,,geekpradd,1775
sourabhrajendu,timeout,,sourabhrajendu,1775
gyanesh09,gyaneshsharma09,1168,gyanesh09,1774
rajat7k,rajat7k,1238,rajat7k,1774
Gaurav_B,bvaruag,1250,gauravbhansali,1774
Brutevision,brutevision,1265,gangaboo69,1774
maxboom321,suryaraj1999,1368,maxboom321,1774
Hickhiker,hickhiker,1461,hick_hiker,1774
grey_hat,archit4077sh,1466,archit4077sh,1774
sorablaze_11,sorablaze_11,1478,sorablaze_11,1774
aayushgarg03,aayushgarg_03,1606,aayushgarg_03,1774
akshay_vala,akshay_vala,1689,akshay_vala,1774
sharma235,sharma235,,sharma235,1774
ayushag10004,ayush_agrawal_,,ayush_agrawal_,1774
raj_bansal,raj_bansal,,raj_bansal,1774
T33,t33,,t_33,1774
prashantkmr389,prashantkmr389,,vintage_pk,1774
deathBlade,vkm41101,,vkm41101,1774
adityanjr,adityanjr,,aditya__njr,1774
jain1610aman,jain1601aman,,aman_jain1601,1774
KrishPatel,krishpatel696969,875,krishpatel14,1773
gargkrishna128,gargkrishna128,1030,gargkrishna128,1773
riteshnitp42,riteshnitp,1076,nitesh_kr1998,1773
Aradhya_12,sitaram_11,1081,aradhya_11,1773
rsbg2087,rsbg2087,1295,rishabhg2087,1773
Utkarsh_29,utkarsh2903,1327,imt084,1773
rahul_reddy7,rahul_reddy7,1334,rahul_reddy7,1773
deepu_21,deepu_21,1363,deepu_21,1773
ishan_0803,ishan_0803,1374,ishan_0803,1773
blackrise,saurabh0611,1401,saurabh975,1773
malav_thakkar,malav_thakkar,1418,malav_thakkar,1773
dunk_orz,dunk_066,1426,dunk_066,1773
saurabh_kadian,saurabh_kadian,1428,saurabh_kadian,1773
eklavya27,cortex,1442,zelawat,1773
sagnikban,sagnikban,1463,sagnikban,1773
KunalHS,kunalhs,1475,kunal2002,1773
manojeet24,manojeet24,1601,manojeet24,1773
darshmodi,darshmodi,1665,darshmodi,1773
shivammittal99,shivammittal99,1743,shibbu1999,1773
skpro19,skpro19,,skpro19,1773
spiderwick_99,spiderwick_99,,gamblerx_64,1773
CoVId20,ishankjain,,ishank_jain,1773
anandchourasia007,anandchourasia007,,anandchourasia,1773
bhatiakartik10,bhatiakartik10,,bhatiakartik10,1773
mr_adnan,mr.adnan,1168,mr_adnan,1772
nitish_19,one68_,1175,one68_,1772
Rishabh7896,rishabh7896,1268,rishabh7896,1772
ithunder,codehard321,1279,shorya_cool,1772
krishnam_rathi,krishnam_rathi,1413,krishnam_rathi,1772
Aniketan_Gaurav,aniketan_no.one,1431,aniketan_g007,1772
alchemist653,abhishek_b190331ep,1469,alchemist653,1772
spiker,stostap,1590,spiker,1772
mr_sparsh,gamer_coder13,1613,mr_sparsh,1772
agentproton,agentproton,1682,agentproton,1772
lemontree,yashagg1329,,yashagg1329,1772
omkar8kadam,,,omkar8kadam,1772
Akhil_CP2907,akhil1999,952,akhil_29071991,1771
codelover,ababababc,1319,codelover920,1771
Atish508,atish508,1374,atish508,1771
amruth_kumar,amruth_kumar,1382,amruth_kumar,1771
vivekiitian,vivekiitian,1468,vivekiitian,1771
gourav_j,gourav_j,1481,gourav_j,1771
sid55,sid55,1502,sid55,1771
AlPacino,al.pacino,1542,adlet_zeineken,1771
msi1427,msi_deadman,1632,msi1427,1771
avign,avign,1919,avign,1771
satya679,satya1998,,satya679,1771
kryptobrat,red_grave,,cryptobrat,1771
blank,deja_vu,,aarya_26,1771
harshitkapoor,harshitkapoor,,harshitkapoor,1771
adityakrsri,aditya1050,1104,aditya1050,1770
andyy143,andyy143,1180,andyy143,1770
nitin_vohra,nitinvohra92,1272,nitin_vohra,1770
aksh_idi1,aksh_idi1,1284,aksh_idi1,1770
tuhin107494,tuhin107494,1294,tuhin107494,1770
realillnigga,realillanurag,1343,realillanurag,1770
Saptaswa_Das,kasiru_69,1389,kasiru_69,1770
tenacious,tenacious,1394,tenacious7,1770
HandlerTaken,nicknamee12,1474,souraavv,1770
choi_biscuit,choii_biscuit,1497,noobie_23,1770
bigdamnhero,bigdamnhero,1505,bigdamnhero,1770
harshilbhavsar,harshil_bhavsar,1610,harshilbhavsar,1770
nitinrishab2000,wronganswerontestcase2,1616,nitinrishab200,1770
Shankamboj,shankamboj,1648,shankamboj,1770
jayfaldu20,l_lawliet27,1654,jay_faldu20,1770
_mitulg98,cujo,1735,mitulg_98,1770
mohmahkho,mohmahkho,2024,mohmahkho,1770
Hitesh2023,hitesh2023,,hitesh2023,1770
sharifMinhazul,codedexter,,codedexter,1770
abhishek_987,abhishek_987,,abhishek_987,1770
rajdeep321,rajdeep321,,rajdeep321,1770
asad,asad_iqbal,983,iqbalasad007,1769
sreejith,sreejith,1219,anonymous55,1769
garima_19,garima_19,1258,garima_19,1769
SanthoshCharan,2019287,1278,santhoshcharan,1769
khssupriya,khssupriya,1332,khssupriya,1769
ashish1412,ashish4321,1356,ashish1412,1769
prateek_imkp1,prateek_imkp1,1359,prateek_imkp1,1769
Ayush_2023,ayush_20,1383,ayushgup_84516,1769
Panauti,akhand...,1422,akhan007,1769
akash2411,hitman_akash,1438,akash2411,1769
Darshak_Talaviya,dbtalaviya,1446,dbtalaviya,1769
importlogic,importlogic,1458,importlogic,1769
paliyastrot02,paliyastrot,1495,paliyastrot,1769
shashwat_nayak,shashwat_nayak,,shashwat_nayak,1769
Bayan,Bayan,,baian98,1769
prabal08,prabal08,,prabal08,1769
singlasahil221,,,sahilsingla221,1769
ycoder_23,lohani23,,ycoder_23,1769
codemaster_555,codemaster_555,,codemaster_555,1769
omseervi098,omseervi098,,omseervi098,1769
vaibhavjain_30,vaibhavjain_30,,vjcool30,1769
nikhil04,nikhil98,1019,nikhilgupta04,1768
dr_virus_,dr_virus,1035,dr_virus_,1768
mayankpratap,mayankpratap,1268,mayank_124,1768
ashmit_19,ashmit_19,1302,ashmit_19,1768
arftdipto,arftdipto,1325,arftdipto,1768
jayant_07,_jayant_19,1360,happy599,1768
astrorock,rahulastrorock,1416,astrocoder,1768
Aayush2000,aayush2000,1458,aayush8128,1768
Yogi79,yogi79,1522,yogi79,1768
sourabhvarshney111,sourabhvarshney111,1524,sourabh_vars,1768
amberone,skbro,1604,skbro,1768
amar1503,amar1503,1679,amar1503,1768
pkktino,pkk.tino,1906,pkktino,1768
drumil,drumilakhenia,,drumil1234,1768
sunrise7,sunrise7,,sunrise07,1768
arushacked,arushackedon,,arushacked,1768
john_wick_07,john_wick_07,,definitelynot,1768
rahulpadhy,rahulpadhy,1148,rahulpadhy,1767
wingman__7,wingman__7,1186,wingman__7,1767
rnagasudhakar,i_hate_cf,1347,nagasudhakar,1767
rajkgap,_iam_raj,1351,rajkgap,1767
Codeblooded20,codeblooded20,1411,yadvendra20,1767
abhi_ram,abhi_ram,1432,abhi_ram,1767
Sohail_kasmani,sohail_kasmani,1433,sohailkasmani0,1767
abhishekdalmia,abhishekdalmia,1503,abhishekdalmia,1767
jabhi_18,jabhi_18,1630,jabhi_18,1767
ayushman_25,,,ayushman_25,1767
partha_mbstu,partha_mbstu,,partha_mbstu,1767
utsav2501,utsav2501,,debug_entity01,1767
Kartik__sethi,kartik__sethi,,kartik_sethi12,1767
abhishek24,abhishek,,thefear,1767
IamDeep_9571,iamdeep_9571,,deepanshu9571,1767
shashank_sharma,,,shashank_41097,1767
rahulmandal4551,rahulmandal4551,,rahul4551,1767
liuxueyang,liuxueyang,,liuxueyang,1767
Aryanharitsh,aryanharitsh,910,aryanharitsh,1766
kashav,kashav,1112,kashav,1766
masterbios,masterbios,1250,masterbios,1766
Ronin,dynamo214,1266,dynamo214,1766
rawenariel8,dr_octavius,1367,dr_ravenclaw,1766
ac_baz,ac_baz,1397,ac_baz,1766
pmdch,pramod_000,1400,pmdchiiitdmj,1766
bipin1404,bipin1404,1410,bipin1404,1766
abhinav520,abhinav520,1457,abhinav520,1766
Aliencode_R,aliencode-r,1458,aliencode_r,1766
sauravagtl,sauravagtl,1470,saurav280047,1766
vedant3620,vedant3620,1492,vedant362000,1766
Ronak,evil_nobita,1568,rock_9192,1766
PrajwalKadri,prajwalkadri,1655,thedragoncoder,1766
ujjawal35,ujjawal35,,ujjawal35,1766
Tuco,,,nitish_161,1766
GeekGrave,geekgrave,,shashi_005,1766
syamphanindra,syamphanindra7,1196,syamphanindra,1765
rishabhrathi22,rishabhrathi22,1283,rishabhrathi22,1765
Peal_Mazumder,peal_mazumder,1291,peal_mazumder,1765
harry_potter,bhushanmalgaonkar5,1402,bhushan178,1765
vital303,slitvinov,1432,slitivnov,1765
Devansh_Saxen,devanshsaxena16,1449,pta_nahi,1765
SebasJM,sebasjm,1621,sebasjm,1765
apaarkamal,,,apaarkamal,1765
Abhishekjha,abhi_force,,abhishek_codes,1765
sunnyvirat,sunnyvirat2016,,sunviru,1765
jai1998,_mkbhd_,,mkbhd,1765
udayps055,udayps055,1116,udayps055,1764
Wise_man013,anshtyagi000,1198,anshtyagi,1764
aakash9518,aakash9518,1252,aakash9518,1764
sujoy_321,sujoy_321,1274,sujoy_321,1764
himanshu_kr,millionmiles,1364,himanshu__kr,1764
ishaanrakib4282,ishaanrakib4282,1415,ishaanrakib710,1764
ken1000minus7,ken1000minus7,1424,ken1000minus7,1764
akay_99,akay_99,1440,akay_99,1764
kartavyashankar,kartavyashankar,1442,kartavyshankar,1764
tusharsk,tusharsk,1463,tusharsk,1764
Perman,ujjk29,1569,ujjk29,1764
ujjawalkumar29101999,ujjk29,1569,ujjk29,1764
sagar_adval,xxkiraxx,1571,charas_ganja,1764
timish_04,timish_04,1584,timish_04,1764
Aanonimo,atg,1585,aanonimo,1764
hakim_lukka,yogi,1629,lipa_sipa,1764
rathijitpapon,rat_hi_victoria,1641,rathijitpapon,1764
Azurey,azurey,1846,azurey,1764
anubhavkalyani,anubhavkalyani,1902,anubhavkalyani,1764
khushigupta,khushi_gupta,,khushi_gupta,1764
onlycalculatedmoves,grey_hat_geek,,grey_hat_geek,1764
baljeetkumar,bj_monk,,bj_monk,1764
Trontum,trontum,,trontum,1764
shubhampal07,shubhampal_07,,shubhampal07,1764
Kwantum,kwantum,,himanshu__kr,1764
dipta_paul,dipta_paul,1325,dipta_paul,1763
cyberAce,cyberace,1334,coderjay5,1763
gomu,gomu,1361,gomu,1763
hitman_28,hitman_28,1487,hitman_28,1763
ashu_143,ashu_143,1487,ashu_143,1763
mirsd_19,mirsd_19,1503,mdirshad_2065,1763
raba_ajeet,raba_ajeet,1517,raba_ajeet,1763
deadpool19,deadpool1999,1523,manish_031999,1763
ankit_gupta,ankit_gupta_,1712,ankit_gupta_,1763
Egorkarcrof,egorkarcrof,,gamechanger34,1763
debajyoti123,debasisgupta07,,debajyoti123,1763
Haasib,knowbody,,haasib,1763
sravan_sravs,sravankumarreddyvanguru,,sravanreddy123,1763
dabassaurabh98,dabassaurabh98,,saurabhdabas,1763
anuanup23,anuanup23,1164,no1coder,1762
_priyanshu03,priyanshu,1175,priyanshu_kr03,1762
dada49,bojack_human,1221,arnab000,1762
niketanrane,niketanrane,1299,niketanrane,1762
shlokkyal,skkyal,1308,shlokkyal,1762
paras199,paras199,1369,paras199,1762
lust_for_code,lust_for_code,1381,srb_gupta,1762
aakashjaiswal,aakashjaiswal,1384,aakashjaiswal,1762
razoncdr,razoncdr,1393,razoncdr,1762
zerocool95,zerocool95,1414,zerocool95,1762
vineet1003,baniyacoder,1438,vineet1003,1762
atul0909,atulgarg,,user_9999,1762
tarunbhandari825,tarunbhandari825,,ronythakur,1762
ujjwal_mittal,ujjwalmittal,,ujjwalm12345,1762
anshchaturmohta,ansh.chaturmohta,,ansh2312,1762
himanshuu257,half_full,,himanshu257,1762
tony_heart,baba_yagga,,baba_yagga,1762
MuntasirAK47,muntasir_ak47,1111,muntasir10code,1761
_abs_,aboora,1121,abs_07,1761
vegeta_op,deku_ofa,1180,mihir_2001,1761
prsb2408,prsb123,1201,prsb2408,1761
fake_death,_farid_,1331,fake_death,1761
archived_spark,archived_spark,1410,archived_spark,1761
Rajat_2548,rajat_2548,1457,rajat_12453,1761
ali_05,ali_05,1509,ali_05,1761
_Z00M,dragonknight6,1627,dragonknight6,1761
goyalanshul,goyalanshul,1651,goyalanshul809,1761
hash_mapper,demonstar,1890,hash_mapper,1761
Sunny_Chaudhary,,,sunnych_007,1761
anupamsingh_20,anupam_singh20,,anupam_singh20,1761
jainil4801,jainil4801,,jainil_4801,1761
br4e_travel3r,lo_c0der,,lo_c0der,1761
darshankparmar,darshankparmar,,darshankparmar,1761
Krishare,krishare,,kris99hare,1761
krishnajalan,krishnajalan2001,,krishna112001,1761
kangkan,juel_,1058,juel_kj,1760
ddivyansh18,ddivyansh18,1146,ddivyansh18,1760
ravi01,ravi01,1245,ravi_navale,1760
shlok_soni,shlok_soni,1272,shlok_soni,1760
Khushb00,khushb00,1287,khubu08,1760
Cosmogod,cosmogod,1298,cosmogod,1760
imfrank2,imfrank2,1323,imfrank2,1760
amansaxena1,amansaxena1,1412,aman_saxena_01,1760
L1GHT,greycollar,1449,greycollar,1760
IceDragon03,adicoder03,1534,silver_phoenix,1760
Darkrai,as_001,1542,shahapurva,1760
meraki_mk,meraki_mk,1568,meraki_mk,1760
invincible.anupam,invincible.anupam,1572,anupamsingh24,1760
harsh1508,harsh.15,1623,harsh__15,1760
Shashwat,hiddenleaf,1624,demo_gorgon,1760
esh_08,esh_08,,mr_no,1760
mayukhmitra941,mayukhmitra941,,mayukhmitra941,1760
saurav_1653,saurav_1653,,angry_pirate,1760
pantabhishek43,pantabhishek43,,abhishekpant43,1760
shivani87654,shivani87654,,shivani87654,1760
muskan0210,muskan02,,muskan0210,1760
Radhe__Radhe,radhe_radhe,1016,lovlesh_007,1759
mohitmishra786,immadmohit,1020,dukesak,1759
souvikchan30,souvikch,1199,souvikch30,1759
coderrohan14,coderrohan14,1226,coderrohan14,1759
S_Rifat,s_rifat,1275,s_rifat,1759
shuklautkarsh7007,shuklautkarsh7007,1455,utkarshshukla7,1759
akashchandrakar,aksam,1472,aksam,1759
shubhamgarg16,shubham_garg16,1476,shubhamgarg16,1759
ishtupeed,ishtupeed,1482,ishtupeed,1759
codestark,shashank.sharma,1553,codestark,1759
CoDeGeeK,kshitijaggarwal1,1575,kaggarwal1,1759
Bbehemothh,bbehemothh,1724,sanketsinghkgp,1759
pprockys,pprockys,,pprockys,1759
_redStorm,shivamsha_123,,shihack,1759
elvengard,armaster,,aburifat,1759
adit_1ism,adit1_ism,,adit_1ism,1759
rushi155,rushibhosle155,,rushioncodeche,1759
ash432,ash432,1163,ash432,1758
shreya_123,shreya_2840,1219,into_thecosmos,1758
sunitasen,sunitasen,1246,sunitasen,1758
__________,atharva3008,1252,atharva3899,1758
shivamJJ,shivamjj,1292,shivamjjj,1758
floating_point,floatingp_p0int,1308,floating_point,1758
rashi13,rashig123,1407,rashig123,1758
akshat04,akshat04,1421,akshat_410,1758
kindler1,sokoni_ikimas,1492,blank00_,1758
spider92,spider92,1545,spider92,1758
EndoMamuro,endomamuro,1687,kshitij___,1758
Jarif_Rahman,jarif_rahman,2261,jarif_rahman,1758
striver290,pksingh290,,pksingh290,1758
Riz1ahmed,riz1ahmed,,riz1ahmed,1758
tawhidkuet04,dark_matter,,tawhidkuet04,1758
IndreshBharadwaj,indresh,,indresh584,1758
ThornBlade,thornblade,,codero123,1758
DarshanPatel,darshanpatel,,darshanbpatel,1758
Darshan_patel,darshanpatel,,darshanbpatel,1758
11ashish11,11ashish11,,ashishx11,1758
iam_ss,iam_ss,,iam_ss,1758
VikY,codevik,,codevik,1758
rahul_a_n,rahul_a_n,,rahul_a_n,1758
azhar1612001,azhar1612001,,azhar16,1758
rudrakh97,memezaredreamz,1023,rudrakh97,1757
darkcodernavv,darkcodernavv,1209,darkcodernavv,1757
hritikkumar,hritikkumar,1217,hritikkumar,1757
saimanoj_22,saimanoj_22,1267,saimanoj_22,1757
Mallika_Dey,mallika_,1428,mallika_cse27,1757
himanshu8,himanshu8,1445,himanshu_8_,1757
The_hawk_returns,the_hawk_returns,1467,ramandeep8421,1757
asmatikur,asm_atikur,1481,asmatikur,1757
ss,shikhar.00778,1484,shikhar00778,1757
sujnesh,sujnesh,1551,sujnesh,1757
kartik_24,kartik_24,1604,kartik_354,1757
khushdeep,khushdeep02,1643,khushdeep02,1757
Hridoy32,hridoy23,,hridoy3289,1757
kinibha,kinibha,,kinibha,1757
parsa,parsashahkar21,,parsashahkar21,1757
Anshu0811,anshumansingh11,,anshuman0811,1757
im__skp,iamskp,,im__skp,1757
coder271,coder148,,coder271,1757
gck_16,gck_16,,gck_16,1757
rajhim2,rajhim2,,rajhim2,1757
varun21999,magic_trunk,,varun21999,1757
Nabendu,nabendu,,nabendu,1757
srvforever,johnmayer1999,968,john_mayer1999,1756
yatosan,tommotaku,1105,tommotaku,1756
themast3r,themast3r,1237,sorb1997,1756
rachitag243,rachitag246,1304,rachitag33,1756
omjego,omjego1997,1356,omjego,1756
raw_input,sniper7,1533,gs0mani,1756
Alvee9,alvee9,1661,alvee9,1756
Jael,jael,2136,jael860,1756
anshitmishra,anshitmishra,,anshitmishra,1756
thomas_li,thomas_li,,thomas_li,1756
deannos_stats,deannos,,deannos_coder,1756
cyber,cyberlord,,cyb3rl0rd,1756
alalam,4rray,,alalam,1756
abhi542136,abhi542136,,abhi542136,1756
k0adarsh,k0adarsh,,k0adarsh,1756
amansohani222,amansohani222,,amansohani222,1756
reclone_rk,reclone_rk,1084,reclone_rk,1755
ritikkanswal,ritikkanswal,1248,ritikkanswal,1755
raja1,raja003,1310,raja003,1755
Mdnahid,nahid12345,1343,nahid_12345,1755
o_o_o_o_o,masumbhuiyan,1351,o_o_o,1755
MasumBhuiyan,masumbhuiyan,1351,o_o_o,1755
savager,deepak54354,1401,deepak54354,1755
late_comer04,late_comer04,1443,shadow_of_code,1755
noman16,noman16,1456,sapnapearl,1755
sarthak11yadav,sarthak11yadav,1458,sarthak11yadav,1755
nysayyed8094,nysayyed8094,1500,nysayyed8094,1755
swamicoder,pankajkhan,1614,swamicoder,1755
tharun_1241,tharun_1241,1619,tharun_1241,1755
ashk_21,ashk_21,1684,ashk_21,1755
limbo_462,viditchopra,1732,vidit_bit,1755
pan_da,pan__da,1736,pan_da,1755
anyamanask,anyamanask,1798,anyamanask,1755
priyansupulak,priyansupulak,,priyansupulak,1755
Symom_Hossain,shohan2000,,symom_hossain,1755
anurag_pandey_,anurag_pandey_,,anurag_pandey_,1755
kjolly,kjolly,,kshitij_jolly,1755
ViperX,kanishthevista,,viperx,1755
shanu9012,,,shanugautam,1755
arch_345,arch_45,,arch__345,1755
checkmate,ccheckmate,,ccheckmate,1755
dragon__knight,dragon__knight,,dragon__knight,1755
cp_saket,cfninja-43,1043,conqueror_01,1754
shreyas_zagare,shreyas_zagare,1107,shreyas_zagare,1754
Adrak,adrak,1149,shubh2251996,1754
UPSC1002,upendra_chauhan,1174,upendrasc2001,1754
sartking,sart-king,1247,sarthakgupta22,1754
ayushumar225,ayushkumar225,1332,ayushkumar225,1754
rajat_2203,rajat_2203,1355,rajat_2203,1754
helloSubham,beingsubham,1366,beingsubham,1754
loocunap,pseudogennady99,1504,panukulkarni,1754
white_whale,wh1te_whale,1627,bol_tree,1754
kartik26,kartikay26,1727,kkartikay26,1754
rezaulhsagar,rezaulhsagar,1731,rezaulhsagar,1754
yagyanshbhatia,whybee,1802,yagyanshbhatia,1754
dsxv007,dsxv,,dsxv007,1754
cupvis,cupvis,,cupvis,1754
Primestein,primestein1.0,,primestein,1754
Primest3in,primestein1.0,,primestein,1754
kushalpandya,kushal.p13,,kushal_13,1754
we7d,we7d,,we7d,1754
adarsh_2001,adarsh_2001,,adarsh_2001,1754
_gk_,its_newbie,,gauri6,1754
manaranjanfav,manaranjanfav,1176,manaranjanfav,1753
soham01,soham01,1219,soham01,1753
vibhas5,vibhas5,1261,vibhas5,1753
mohibur,mohibur,1272,mohibur01,1753
tanmay_23_99,tanmay_23_99,1300,tanmay_tiwari,1753
bravohimu,bravohimu,1312,bravohimu,1753
The_Wanderer,the_wanderer,1318,the_wanderer,1753
ajay_pandit,ajay_pandit,1387,ajay_pandit,1753
tanvir03,tanvir03,1415,tanvir03,1753
jalakp19,jalak_patel,1419,jalakp19,1753
satyam_656,satyam656,,satyam_656,1753
anmolmittal26,anmol_mittal26,,anmol_mittal26,1753
naina_gupta,naina_gupta,,naina7_7,1753
i_hate_coding,i_hate_coding,,i_hate_code,1753
Necr0maNceRRRR,,,divxvid,1753
msasanksai,msasanksai,,msasanksai,1753
shishir_mangal,shishir_mangal,,shishir_mangal,1753
asikur2000,asikur2000,735,asikur2000,1752
Ehraz_Hasan,ehraz_hasan,1357,ehraz_hasan,1752
sujeetkr,sujeetkr,1387,sujeetkr,1752
aashish0909,aashish999,1401,aashish0909,1752
ksohan,ksohan,1417,ksohan,1752
dharmeshprataps,dharmeshprataps,1433,singh_dhrmsh,1752
sahil_khar26,sahil_khar26,1439,sahil_khar26,1752
AnandShivansh,shivansh12,1517,shivansh339,1752
iCoder0020,icoder0020,1581,ishan_sang,1752
Free_Electron_,free_electron_,1586,free__electron,1752
vishesh312,vishesh312,1748,vishesh_s,1752
Hasinur_,hasinur_,,hasinur_,1752
jramaswami,jramaswami,,jramaswami,1752
SarmaJi,i__like__food,,radhesh_sarma,1752
heisenberg96,heisenberg96,,shubh232,1752
niti_n_n_itin,niti_n_n_itin,,nitin_kumar,1752
Sahil3130,sahil3130,1076,sahil_3130,1751
thejollynaman,thejollynaman,1174,thejollynaman,1751
pankaz_20,pankaz_20,1268,pankaz123,1751
_tintin_,_tintin_,1309,shiv002,1751
miniac,miniac,1322,miniac,1751
hr_binger12,hrbinger,1342,kanishkaditya,1751
vamsicool007,kaneki_007,1369,vamsicool007,1751
surya1698,eye_musician,1370,s_u_r_y_a98,1751
aryan_bansal21,aryan_bansal,1483,aryan_bansal21,1751
Exo_Tic,exotic,,exo_tic,1751
manasd28,manasd28,,manasd28,1751
Dexter420,dexter420,,dexter420,1751
isuppose,raider13,,toxx_harsh,1751
tej007,tej007,,tej007,1751
KratosThe01,kratosthe01,1173,kratosthe01,1750
mushfiq4513,mushfiq4513,1209,mushfiq4513,1750
mr_robot,f_mr_robot,1268,sociopath_221b,1750
Abhinavrajhans,abhinavrajhans,1303,raj_abhinav39,1750
alleviatedRules,alleviatedrules,1304,aerials,1750
Pranavpc39,pranavpc39,1309,pranavpc39,1750
adwish,adiwish,1328,adiwish,1750
shreyasz_07,shreyas_171,1361,shreyasz_07,1750
chetangupta98,chetan0820,1372,blackviper0820,1750
af_saif,af_saif,1377,af_saif,1750
ssohit111,ssohit111,1394,ssohit111,1750
prince_jain,prince_jain,1497,prince_stark1,1750
sasidhar_reddy,sasidhar_reddy,1513,sasidhar_reddy,1750
yaswanth118,cvyaswanth,1647,yaswanth118,1750
piyush_gupta_,piyush_gupta_,1758,piyush_gupta_,1750
tanuj_johal,tanuj.johal_cs17,1781,tanujjohal,1750
pawanagrawal,pawanagrawal,,pawanagrawal,1750
shubh_am003,shubh_am003,,shubh_am003,1750
nishchal215,nishchal215,,nishchal215,1750
fantastic_yuvi23,lord_yuvi,,fantastic_yuvi,1750
Chandan1544,cksudhir124,1225,cksudhir124,1749
deepakpra,deepak2001,1230,deepakpra,1749
rsaw409,rsaw409,1232,rsaw409,1749
thecodearrow,thecodearrow,1257,thecodearrow,1749
shahid_92,shahid_92,1294,shahid_92,1749
chunky_2808,chunky_2808,1331,chunky_2808,1749
shashwat567,shashwatsinha567,1481,shashwat1928,1749
aruroxx31,soapy_bubble,1525,aru31121997,1749
kmd_2000,kmd_2000,1613,kartica,1749
animesh,animesh_jha,1770,animesh_jha01,1749
vishal758,vishal758,,vishal758,1749
aryansapra280,aryansaprajiit,,aryan__sapra,1749
abhi_811,abhisnalawade98,,abhi_811,1749
spunkyyogi,karanjain718,,spunkyyogi,1749
genie042,sharathchandrah,,codersharath,1749
MoShumail,tlekiller,,tlekiller,1749
ghost,riddhi.patel,,riddhi_123,1749
AchintyaK20,achintyakumar20,,achintya20,1749
Decoder_0712,decoder_0712,1199,decoder_0712,1748
animeshmaru,animeshmaru,1279,animesh_maru,1748
H4rsh,h4rsh725,1381,harsh725,1748
rajat188,rajat188,1425,rajat188,1748
codee16,codee16,1548,codee16,1748
vefg,vefg,1628,vefg,1748
akj_j,akj_j,1663,aj_akansh,1748
archit910,archit910,1673,archit910,1748
RanjitRanjan7858,ranjitranjan,,noobcoder_78,1748
MohammedShoaib,shoaib98libra,,shoaib98libra,1748
g_d,gaurid10,,gauri_dubey10,1748
K_akarot_123,k_akarot_123,,k_akarot_123,1748
cholebhature,cholebhature,,sahibandahu,1748
prasoonjain006,prasoonjain006,,prasoonjain006,1748
babaYaga07,babayaga07,,ardp,1748
kaush1,kaustubh.p16,,kaush1,1748
Zeal,z.e.a.l,,blythe_titan,1748
pb2323,pb2323,1000,pb2323,1747
saurabh061999,saurabh061999,1158,pheonix_1234,1747
prabal1815,prabal1815,1207,prabal1815,1747
usernotfound,suveen,1212,usernotfound,1747
xceptor,xceptor,1242,xceptor,1747
nikhilrathor01,nikhilrathor01,1269,nikhil_2910,1747
ashwani_09,b1n4ry_n1nj4,1298,b1n4ry_n1nj4,1747
Ashish_Prasad,hash16,1423,san_ty,1747
kamrozzaman,kamrozzaman,1644,kamrozzaman,1747
imtiaz246,imtiazcho,,imtiaz246,1747
stargsc,stargsc,,stargsc,1747
msd_7,aryan_129,,aryan_129,1747
Prakash_3,_thoronder_,,prakash_3,1747
Sudhan247,sudhan247,,sudhan247,1747
Avikrit10,avikrit_10,,avikrit_10,1747
abheet_7,abheet_007,,abheet007,1747
jainatishay71,jainatishay71,,jainatishay71,1747
ishika251298,ishika251298,,ishika251298,1747
coder336,coder336,,coder336,1747
yrti_28,yrti_28,,artiyadav28,1747
Vishnu_1105,vishnu_1105,,vishnu_vvr,1747
abhishekmandal,_abhishek_mandal,1139,abhishek1509,1746
sanskar1900,sanskar_4416,1194,sanskar1900,1746
rey10,rey10,1206,rey10,1746
lastshinobi,loukitkumar,1250,loukitkumar,1746
nikhilsiwach28,nikhilsiwach28,1342,nikhilsiwach28,1746
Amangaurav592,cypher-28d,1356,gpamangkp,1746
AnkushM11,ankush1106,1442,ankushm1106,1746
b23v,b23v,1541,b23v,1746
aman330,aman330,1546,aman330,1746
satwik_bhv1,satwik_bhv1,1613,satwik_bhv1,1746
vinmaxx,vinamrabathwal99,1974,vin99,1746
kushagra3010,kushagra3010,,kushagra3010,1746
iamakshat01,iamakshat01,,iamakshat01,1746
mehra_vedant,mehra_vedant,,vmehra,1746
mdtauhid204,mdtauhid204,,aryan_tauhid,1746
Pujari_code,pujari_hws,,shy_9680,1746
goelvibhu,goelvibhu,,goelvibhu,1746
monim14,monim14,1235,monim14,1745
PrajwalRayal,prajwalrayal,1289,prajwalrayal77,1745
adarsh__kumar,adarsh__kumar,1314,adarshkumar12,1745
samyaktanted,imjugaadu,1485,imjugaadu,1745
jainamandelhi,jainbro,1543,aman_9898,1745
ksr_shivam,thelh127.0.0.1,1565,ksr_shivam,1745
rustee_95,rustee_95,1637,rustee_95,1745
maxrage,maxrage,1641,maxrage_2529,1745
ksrrock123,rachaelgreen,,ksr_shivam,1745
abhi_learner,abhi_learner,,abhi_learner,1745
soumik9876,soumik9876,,soumik9876,1745
anshuman_123444,anshuman1,,anshuman_1,1745
aryan_raj,pivotal_pawn123,,raj_aryan2002,1745
mansi_sampat,mansi_sampat,,mansi_sampat,1745
piyushjain,piyushjain1,,piyushjain_123,1745
pankaj_18,pankaj_18,1100,pankaj_18,1744
Niharika_Alajangi,neha190301,1140,neha190301,1744
harrykp,harry_kp,1182,harrykp,1744
SHAFIQ,stack-over-flow,1203,shafiq1680,1744
kaustav,kaustav1,1258,kaustav1,1744
ayusharyan16,ayu111,1375,ayusharyan16,1744
ninadc32,ninadc,1440,ninadc32,1744
_rain,pal_soumya,1563,pal_soumya,1744
aneee,aneee,1660,aneee004,1744
zeo_zagart,zeo_zagart,1707,abhash_yadav,1744
uds5501,uddeshya.singh,,thedeadlegend,1744
Tyagi_Titans,,,tyagi_titans,1744
mayurmaga,mayurmaga,,parthaa,1744
kauzi_joshi,kauzi_joshi,,kauzi_joshi,1744
grit_2,grit_2,,tumblefool,1744
saikatbanerjee,saikat800,,theshiner,1744
mh4746,mh4746,1049,mh4746,1743
deadman_coding,deadman_coding,1168,deadman_coding,1743
ajraj27,ajraj27,1219,ajraj27,1743
niweshgupta,niweshgupta,1227,niweshgupta,1743
prakharbindal98,prakharmath,1265,prakharmath,1743
sarthak_tirpude,sarthak_tirpude,1278,sarthak_tirpud,1743
leninkumar,leninkumar31,1325,leninkumar,1743
mht1969,mht5701998,1341,mohit_570,1743
ak281999,ak281999,1376,a_m_k_18,1743
rahulsin,rahulsin_20,1385,rahulsin_20,1743
math2do,math2do,1398,mathuratudu123,1743
pro_loser,_valhalla,1426,pradwd,1743
the_beast,the_beast1315,1447,the_beast,1743
skylag,skylag,1608,short_,1743
skylags_,skylag,1608,short_,1743
aaru,aarustark,1615,aarustark,1743
aarustark,aarustark,1615,aarustark,1743
gsaket,beast_within,1694,ginuga_saketh,1743
mercuto,mercuto,1785,mercuto,1743
dashan1999,dashan1999,,dashan123,1743
avijeet_03,_bucky,,avijeet_03,1743
ashwaniponia,__prime,,ponia,1743
baddyn,baddyn,,baddyn,1743
amitdu6ey,amitdu6ey,,amitdu6ey,1743
adilmah,adilmhd786,,adilmhd786,1743
ruchir28,ruchir28,1274,ruchir28,1742
vijaynitrr,vijay_khandal,1316,vijay_khandal,1742
ubergeek,venki421,1344,ubergeek,1742
nikhil_125,nikhil_125,1421,nikhil_125,1742
rahroh868686,rahroh8686,1429,rahroh8686,1742
shivansh_27,shivansh27.sa,1487,shivansh_27,1742
pulkithb,pc_2.0,1560,pulkithb,1742
God_coder,arsenal_fc,1954,darth_vader1,1742
indrajeet,sameer_mishra100,,the_sameer,1742
Turnogen,turno99,,turno99,1742
srv_twry,srv_twry,,srv_twry,1742
Colossus20,colossus20,,colossus20,1742
prodelta,prodelta,,probeta,1742
abhishek_s3107,abhishek_s3107,1207,abhishek_s3107,1741
manish510,manish510,1247,manish510,1741
rahulc15,kakashi_150,1429,rahul9707,1741
raffleberry42,raffleberry,1456,raffleberry,1741
tahsynx,tahsynx,1560,tahsynx,1741
alex_bucevschi,alex_bucevschi,1618,alex_bucevschi,1741
Muhammad_Alhalaby,muhammadal-halaby,1698,modezero,1741
imran0001,imran0001,,imran0001,1741
saket13,saket13,,saket13,1741
saket_13,saket13,,saket13,1741
Shuvo_48,newaj_69,,leoshovo,1741
nitesh_ism,nitesh_ism,,nitesh_ism,1741
iamgaurav,igm_by_2023,,iamgaurav2233,1741
baba_yega,baba_yaaga,,ub_98,1741
neeraj_2307,neeraj_2307,,neeraj_2307,1741
tushartambi,tushartambi,973,tushar_tambi,1740
Gargoyle_King,thunder_lad,1092,mehul25,1740
Kj3001,appple,1102,jatin_1504,1740
kartik_tiwari,kartik_tiwari,1197,kartik_tiwari,1740
casey,kartik_tiwari,1197,kartik_tiwari,1740
aasim3101,aasim3101,1239,aasim3101,1740
sachin7777,sachin7777,1260,sachin7777,1740
alok_144,alok144,1304,alok144,1740
ayush_gupta,ayush_g977,1313,moriarty_,1740
dr0opy,droopy,1323,shubham147,1740
vivekshah7,vivekshahcodes,1353,vivekshahcodes,1740
apoorv_121,apoorv_121,1354,apoorv_121,1740
rashmirathi,sukhoi_mki,1401,shreyrai,1740
thearifshaikh,thearifshaikh,1420,thearifshaikh,1740
ashhad,ashhadahmad,1625,ashhad,1740
shreyrai99,shreyrai99,,shreyrai,1740
ravindra281298,ravindra281298,,ravindra281298,1740
wazir7,wazir7,,wazir7,1740
grandmaster25,grandmaster25,,grandmaster25,1740
vipul7543,alchemy_,,vipul747555,1740
shadowlucion,shadowlucion,709,shadowlucion,1739
infilooop,infilooop,907,deku_0,1739
shlvam,shlvam,1148,shlvam,1739
mohit_11615192,mohit_11615192,1174,mohit_11615192,1739
gauravsahu34,gaurav.sahu34,1258,gauravsahu34,1739
raju_singho,_razu_,1381,singhasw3,1739
thummarm097,thummarm097,1407,thummarm097,1739
ontop,depressed_ontop,1467,ontop,1739
afdafda,karthik_vg,1477,karthik_vg,1739
Rajesh_Kaipa,rajesh_kaipa,,rajesh1034,1739
abhigupta4981,abhi-gupta,,abhigupta4487,1739
l_z_r_s,imammosharaf,,imammosharaf,1739
b___b,f2015121,,tilak347,1739
stopstalkingme,,,panga420,1739
samtech,_goku_,1134,sameerverma183,1738
monty99,monty99,1212,shomil99,1738
malharsk27,malharsk27,1388,malhar_iitp,1738
ashu_2004,ashu_2004,1446,khaab_2004,1738
roypriyanshu,roypriyanshu937,1501,roypriyanshu,1738
sachin_chandani,heisenberg,1634,blue_legend,1738
diptayan2k,kakarotto_sama,,diptayan,1738
Nimiciaap,nimiciaap,,skallole01,1738
vinty,vinty,,vinty,1738
manansingla4,manansingla,,manansingla4,1738
tyson_0,tyson_0,,tyson_0,1738
vedangj044,vedangj044,899,vedangj044,1737
deepam7793,deepam_kr,1002,deepam7793,1737
shivam2296,serial_killer,1057,shivam2296,1737
subham_5401,mahbus,1100,subham_5401,1737
its_himanshu_320,himanshu802,1150,himanshu_320,1737
rs11202,naruto_uchiha,1220,rs2002,1737
nagendra_tomar,iit2018057,1222,nagendra_tomar,1737
digs007,bhiruddigvijay,1251,digs007,1737
shruti09,shruti09,1275,shruti09,1737
shanky,devilshashank,1287,devilshashank,1737
Shashant,sr99,1295,shashant,1737
bdyutish,bdyutish,1340,bdyutish,1737
dhruvilcodes,dhruvilcodes,1360,dhruvil_codes,1737
askswaraj,askswaraj,1371,askswaraj,1737
Raghav_Kaushal,kaushal.raghav13,1405,rkaushal03,1737
icycoolnss,icycoolnss,1451,yashpalnss,1737
Ankush_Sharma_GLA,ankushsharma,1452,ankush121998,1737
ganesh_6,ganesh_6,1455,ganesh_6,1737
vishalthirwani23,thirwanivishal3,1469,thirwanivishal,1737
vishalthirwani,thirwanivishal3,1469,thirwanivishal,1737
daaku_oo7,_cyber_punk_007,1560,jatin_jindal,1737
unseen07,unseen07,1602,unseen07,1737
mrdaredevil,arnab1729,1644,arnab1729,1737
fAhIm795FaYsal,_alshe_,1686,faysal_795,1737
Himanshu_77,shinchan01,1862,himanshu_777,1737
gogapp,gogapp,,prashant351,1737
nightmare10123,nightmare10123,,nightmare10123,1737
aryankuma0r,aryankuma0r,,aryankuma0r,1737
yash1ts,rain__maker,,rain_maker,1737
leviosa,varsha38977,,varsha38977,1737
Abhi280200,abt280200,,abhi280200,1737
adityaraj5200,adityaraj5200,,adityaraj5200,1737
aishu007,aishu007,,aishuo07,1737
gayatri__ambati,gayatri__ambati,,gayatri_ambati,1737
sanket_3009,sanket_3009,886,sanket_3009,1736
deepsamanta,deepsamanta,948,deepsamanta,1736
jaiswalSahil844,_jaiswalsahil844,1103,sjsahil0844,1736
rahul2808,rahulsingh28082000,1115,rauli_s,1736
omkumar01,omkumar01,1194,omkumar01,1736
tarunreddy,tarunreddy1018,1203,tarunreddy6004,1736
AbhiC1303,abhic7721,1391,abhi0321,1736
aman2000jaiswal14,aman2000jaiswal14,1405,aman14jaiswal,1736
Deep_20,deep_20,1448,deep_20,1736
speed_geek,speed_geek,1451,speed_geeks,1736
abhishek181297,abhishek181297,1473,abhishek181297,1736
coderag,code_rag,1476,coderag,1736
sharma_gautam,sharma_gautam,1528,sharma_gautam,1736
vector94,vector94,1644,vector94,1736
aujiomojo,,,arpanet67,1736
asaecs2,asaecs2,,asaecs2,1736
shaswt_20,shaswt_20,,shaswt_20,1736
pyduper,pyduper,,uniyalnitin,1736
nipunbinjola,nipunbinjola,,nip_bin,1736
pratham_bst,pratham_ftw,1101,hydra_pratham,1735
dendrite,dendrite5460,1114,nemesis1,1735
d_m,dmalaka,1230,diyamalaka,1735
h1s3nb3rg,diwalker,1233,h1s3nb3rg,1735
akashksinghal,akashksinghal,1284,akashksinghal,1735
de18,rdev,1362,de18,1735
chaudhary_19,chaudhary_19,1370,chaudhary_19,1735
Bhumika_2001,bhumika_2001,1371,bhumika_2001,1735
Xx__RAJ__xX,epimaxipressin,1443,maurya_x_raj,1735
Rudraksh,rudraksh,1449,rudraksh26,1735
debangshu_573,debangshu_573,1466,thenoone26,1735
LuSiFeR_AjAy,khuch_nahi_aata,1523,ajay1108,1735
ishita3110,ishita_3110,1605,ishita3110,1735
coderanant,coderanant,,coderanant,1735
ath1234,thor1234,,thor1234,1735
charon96,charon96,,charon96,1735
ayushpatidar,ayush04,,ayushpatidar,1735
deepak2309,deepak_2309,,deepakgarg,1735
Vegascrew,apna_din_aayega,,hjborn2rule,1735
shyam28,shyam0028,,shyam28,1735
Sujeet_22,sujeet_22,950,sujeet_22,1734
sweety_16,_sweety_,1162,sweety_16,1734
abchoudhary1,abchoudhary13,1217,anujbeniwal13,1734
imsaksham_p,imsaksham_p,1410,imsaksham_p,1734
bright_future,bright_future1,1496,bright_future,1734
djprakash,bhardwaj_prakash,1531,hsakarp,1734
dsharma080,dsharma080,1570,dsharma080,1734
sahuash017,sahuash017,1631,ashu017,1734
deadpool009,a2j007,1646,a2j007,1734
real_adarsh,real_adarsh,,real_adarsh,1734
alexbri,alexbrii,,alexbri,1734
Gautham,gautham_b_a,,gautham_ba,1734
rohit_flawless,rohit_flawless,,rohit_flawless,1734
iamvinayvk,iamvinayvk,1017,iamvinayvk,1733
atulyadav02,atulyadav02,1176,ojes,1733
asifalim,asifalim,1190,asif_alim,1733
akshith,akshith_reddy,1336,akshith0880,1733
H_Raj,h_raj,1369,rajharsh81070,1733
sonorous,sonorous,1392,sonorous,1733
code_blooded_,kausam_1234,1443,code_blooded_,1733
ojes_yadav,ojes_yadav,1470,ojes,1733
Rohit_varma,rohit_varma,1642,rohit_varma,1733
h_a_r_d_i_k,_kidrah,1811,h_a_r_d_i_k,1733
wajiul,wajiul,,wajiul,1733
saurabhsuniljain,saurabhsuniljain,,saurabhsuniljain,1733
kumar18tushar,kumar18tushar,,black_bird04,1733
Tunechi,tunechi,,tunechi1407,1733
kothariji,kothariji,,kothariji,1733
j_b_m_1_0,j_b_m_1_0,,j_b_m_1_0,1733
Wasif_Jamil,wasif_jamil,1332,wasif_897,1732
Raban7,raban7,1369,raban,1732
The_Audi_Lover5,the_audi_lover5,1380,yatharth_19,1732
codehacker_999,codehacker_999,1406,codehacker_999,1732
killer_ash,pain__killer,1441,ashyadavash,1732
Chef_99,chef_17,1454,vasu1705,1732
ankitydav,ankitydav,1487,ankitydav,1732
Urvuk3,urvuk3,1520,urvuk3,1732
slonichobot,slonichobot,1977,slonichobot,1732
parvezaalam786,parvezaalam786,,parvezaalam786,1732
sportykush,sportykush,,sportykush,1732
yash08sparrow,yashashwi90,,host_0802,1732
nidhigoel,nidhigoel,,nidhigoel,1732
codheck_0,yash_maniya,,codheck_0,1732
d3adsh0t,d3adsh0t,,d3adsh0t,1732
Nishant_Satapara,nishant_satapara,1104,smiley_,1731
Sakii,saketvaj_123,1183,saketvajp_123,1731
kishantiwari,kishantiwari,1206,kishantiwari,1731
n_0_thing,n_0_thing,1249,n_0_thing,1731
polar_beer21,polar_beer21,1256,ayushdixit21,1731
OvishakeSen,ovishake_sen,1313,sherlock_066,1731
killg_122,killg,1365,killg_123,1731
habib_rahman,habib_rahman,1403,habib_ruet,1731
prabhdeol,rj13_to,1473,rj13_to,1731
yash1200,yash1200,1474,yashjohri_1200,1731
Tanmay414,tanmay414,1802,tanmay414,1731
yamin7991,yamin_7991,1823,yamin7991,1731
Hogan,hogan_themastermind,,showtime333,1731
vaibhav_1710,vaibhav_1710,,v17s,1731
Nowshad,nowshadjunaed,,nowshad_junaed,1731
anshumaaa,anshuman29,,anshuman29,1731
ksenior2608,k.senior,,ksenior2608,1731
samuelson12,kartikgiri92,,samuelson1210,1731
UmarAziz,umaraziz,1173,umarocks,1730
tsaumitra01,tsaumitra01,1221,tsaumitra001,1730
kingInTheNorth,vashusharma180707,1270,vashusharma180,1730
Bl4cku,the.fatal.truth,1288,satya1997samal,1730
Joseph_Gurram1,spourgeon,1313,gurram_joseph,1730
suvomoy_maitra,suvomoy_maitra,1340,suvomoy_maitra,1730
LuciferXD,sparsh3.0,1349,sparshch08,1730
viveka07,viveka07,1492,vivek_arora,1730
wangzirui,wangzirui,1495,wangzirui,1730
sanskar27jain,sanskar27jain,1582,code01skill,1730
prakhar897,prakhar897,1664,prakhar897,1730
mahinr10,mahinr10,1726,mahinr10,1730
Markomafko972,markomafko972,1996,markomafko972,1730
tanujyadav97,tanujyadav97,,tanujyadav97,1730
__sksatyam__,_rolling_stone_,,sksatyam729,1730
BRAINIAC77,brainiac77,,galaxy77,1730
SparshCh08,practice2918,,sparshch08,1730
Adarsh,amaterasu,,adarsh08x,1730
tanjiro23,tanjiro23,,tanjiro23,1730
rohanraut,rohanraut,,rohanraut,1730
nks719714,nks719714,,nks719714,1730
mjguru,mjguru,,mjguru,1730
roushan2001,roshanagarwal67,,roushan2001,1730
nadem,rafiqnazir,,rafiq_nazir79,1730
mrtenhunter,mrtenhunter,1056,mrtenhunter,1729
rhythm_28,rhythm_28,1156,rhythm_28,1729
chirag0505,chiragsharma0505,1265,chirag0505,1729
devil_jin,gohanssj9,1334,gohanssj9,1729
huzefa_j,16it030,1412,huzefa_j,1729
AshKODES,ash-kodes,1420,ash_kodes,1729
pratik_1101,pratik_11,1460,pratik_112001,1729
OL_IN_ONE,olin_one,1578,ol_in_one,1729
uacoder123,uacoder123,1861,uacoder123,1729
aswwwanth,aswwwanth,,aswanth366,1729
milan11,milan11,,me_milan_11,1729
thesanath,sanathsalampuria,,sanath_2003,1729
ganesh1828,ganesh1828,,ganesh2791,1729
abhinav07,abhinav_98,,abhinav_07,1729
coastaldemigod,coastaldemigod,,coastaldemigod,1729
vishal_kumar9,vishal_kumar9,,vishal_kumar9,1729
subrat_katiyar,bloodeagle,1140,blood_eagle123,1728
MhD88,mhd88,1181,mhd88,1728
pradeep195,sainipradeep195,1212,pradeep195,1728
mohit_6564,swain.mohit,1279,mohit_6564,1728
gutsyParth,gutsyparth,1314,gutsyparth,1728
tamim447,shahadath,1329,shahadath,1728
todi_2000,todi_2000,1340,todi_2000,1728
anupam_ghosh,anupam_ghosh,1417,anupamghosh,1728
whomping_willow21,whomping_willow21,1424,sanzida28_344,1728
utkarshraj_20,utkarshraj_20,1506,utkarshraj_20,1728
kedar1514,kedar1514,,kedar1514,1728
piushcs,piushcs,,piushcs,1728
chinmay_nextgen,chinmay-nextgen,,chinmaynextgen,1728
pirate_joker,pirate_joker,,piraterajay,1728
swati1411,swati1411,891,swati1411,1727
jhaambikesh,ambikeshjha,1159,jhaambikesh,1727
Default28,default28,1217,soumya_2882,1727
hrsh_sengar,hrsh_sengar,1242,hrsh_sengar99,1727
harsh_29102,__harsh__,1283,harsh_29102,1727
raghavpatidar,raghavpatidar,1286,manito,1727
hridoy_990,_mjih_,1320,hridoy_990,1727
tribhav,tribhav,1367,tri_e,1727
anuj64,anuj64,1370,anuj64,1727
snahashis_shuvon,s.r.shuvon,1384,shuvon,1727
tzar,tzar,1412,tsarevich,1727
__Heisenberg__,_overhaul_,1434,he1senberg_,1727
MUSTAFIZ_ARMAN,angrybaymax,1447,fizzz_083,1727
pratyushp02,pratyush155,1467,pratyush_dsai,1727
zeyad49,zeyad49,1879,zeyad49,1727
aryaman2020,aryaman,1903,aryaman2020,1727
sanguis,sancho,2082,sancho,1727
sanjeev1779,sanjeev1779,,sanjeev1779,1727
rostux,rostux,,rostux,1727
Takamura,takamura,,takamura3,1727
samar_1601,samar1601,,samar_1601,1727
pawan_kholiya01,pawan.kholiya01,,pawankholiya01,1727
kunal_1,kunal_2.0,947,kunal_coder_1,1726
kapilchhipa4,kapilchhipa4,1053,kapilchhipa4,1726
imstillworthy,im_still_worthy,1266,imstillworthy,1726
lumas,lumas,1303,lumas,1726
sinharohit511,sinharohit511,1499,sinharohit511,1726
ryuzakil,ryuzakil,1529,ryuzakil,1726
CODER_RAFIN,coder_rafin,1627,coder_rafin,1726
aryan005,aryan005,1667,aryan005,1726
gouravmodi10,gouravmodi10,,gourav_modi1,1726
talwarrohan15,rohan1506,,talwarrohan,1726
vinayak2,vinayak2,,vinayakmittal2,1726
meet128,me146,,me146,1726
vanshaj2311,vickyvanshaj,,vickyvanshaj,1726
Syntax,suvro0002,,syntax0002,1726
raushan2511,raushan_kumar-_,,raushan2511,1726
skgen,skgen,,sourav437,1726
prakhar_rai,prakhar.rai,,rai_prakhar_,1726
codemaximus,codemaximus,,codemaximus,1726
vibhaysingh,vibhaysingh,,vibhaysingh,1726
sumit_kushwah,sumit1729,361,sumit_1729,1725
jkeerthi_21,jkeerthi_21,793,jkeerthi_21,1725
DhanyaAbhirami,dhanyaabhirami,969,dhanyaabhirami,1725
sunny1872,sunny24,1146,sunny1872,1725
ANKAY_21,dkyu021,1159,dkyu021,1725
nayan007,nk007,1171,nayan_007,1725
code_n8,code_n8,1307,sumit_2318,1725
shivaninoobcoder,noob-coder27,1332,shivani_2708,1725
aquariusgaurav,aquarius_gaurav,1336,aquariusgaurav,1725
surya_sunlight,sunlight_sp,1391,surya_sunlight,1725
tahseen,tahseen,1402,tahseen_syl,1725
code0rider,code0rider,1416,code0rider,1725
manideep1821,manideep1821,1431,manideep1821,1725
dd7_12,divya_patel,1478,dd_712,1725
rtkasodariya,rtkasodariya,1520,rtkasodariya,1725
adityakaushik99dtu,adityakaushik99,1542,adityakdtu,1725
AmarShukla,amarshukla,,amarshukla123,1725
loopfree_,kunal_sagar,,jaqen_hghar_,1725
pragyanc2,pragyan_c2,,pragyanc2,1725
Jai_Hind_Dosto,aquarius_gaurav,,aquariusgaurav,1725
le_JanD28,dvery_logicoder,,djthecoder,1725
anis028,anis028,,anis028,1725
g_35,thespartonguru,,g_35,1725
sasuke_uzumaki,sasuke_uzumaki,,ansh_013,1725
Naga_Lokesh,naga_lokesh,1039,minion_army,1724
sonirudrakshi99,rudrakshi,1047,rudrakshi99,1724
INT_MAX,tumhara_baap_08,1080,tumharabaap,1724
white_space,white_space,1255,whit3space,1724
TanjilAhmed,tanjil-ahmed,1265,tanjilvai,1724
johnzakkam,imreallyjohn,1329,imreally_john,1724
charles__,charles2307,1474,redemption_023,1724
mangesh2102000,mangesh2102000,1555,mangesh2102000,1724
cryzek,i-_-i,1613,cryzek123,1724
batmanishere,ssbdel97,1634,batmanishere,1724
spryzen_v3,spryzen_v3,1671,spryzen_v3,1724
Fuad,fuad,,fuad_islam,1724
sam_30_08,sam_30_08,,sam_30_08,1724
UrGhost,jaladhar,,jaladhar,1724
aarsh01,aarsh01,,aarsh01,1724
pavanshinde7494,pavanshinde7494,,pavan7494,1724
adarsh_819,adarshneo,,adarsh_819,1724
eternity_aniket,aniketpandey353,1037,aniketakgec,1723
kryptonite,thesatyakidas.00220033,1171,satyakidas85,1723
hexane,hexane,1221,hexane,1723
vishrut42,vishrut_42,1234,vishrut42,1723
nihal_183,algo_optimizer,1236,algo_optimizer,1723
abhinavk2404,abhinavk2404,1325,abhinavk2404,1723
manish_kumar,manish_1012,1538,powermanish12,1723
_armin,_armin,1621,ccoder5,1723
prash385,prashan_yadav,1699,jituydv,1723
Pure_Protea_RoMeO,ilovecricketsouthafrica,,ahsanromeo,1723
Complexity_Cutter,complexity_cutter,,mr_gr,1723
nideesh45,nideesh45,,nideesh45,1723
r00tDada,r00t_dada,,r00tdada,1723
lamkoti,ravencolevol,,lamkoti,1723
sgshubham98,sgshubham98,,sgshubham98,1723
ankursuman,noob_7,,ankursuman,1723
Kanakalatha,vkanakalatha,1041,kanakalatha,1722
rithish832,rithish_miryala,1047,rithish832,1722
hari_haran_003,hari_haran_003,1061,hari_haran_003,1722
Debojit219,debojit219,1191,debojit219,1722
kkc942,dragonden,1221,kaustuv_123,1722
aditya314,aditya314,1251,aditya314,1722
sifat_15,sifat_15,1276,sifat_15,1722
rb_rb,rb_rb,1291,rb_rb,1722
ayush933,ayush933,1319,ayush933,1722
vipulkumarpandey,vipulkumarpandey,1332,vipul00,1722
decy,decy,1350,todecypher,1722
rahulshetty96,rahul.shetty,1358,rahulshetty09,1722
whybangad,whybangad,1503,whybangad,1722
namanbhalla,naman_bhalla,1619,naman_bhalla,1722
arsh1598,arsh1598,1626,arsh1598,1722
slal,slal,1639,slal,1722
rifatrraazz,rifatrraazz,1644,rifatrraazz,1722
singhpriyank,singhpriyank,,singhpriyank,1722
a_loser,98tarunkumar,,tarunkr_18,1722
pswaldia1,pswaldia1,,pswaldia1,1722
rohit11singh,rohit-singh,,rohit11singh,1722
_harun,_harun,709,biprotip,1721
adad20,zeno_orz,1250,adad2,1721
dev_gupta01,dev_gupta,1251,dev_gupta01,1721
thezodiac007,thezodiac007,1277,v3k0001,1721
MejarKumar,mejarkumar,1278,mejarkumar,1721
safal2000,safal2000,1299,safal2000,1721
charan45,charan45,1329,charan1045,1721
Akash_kunwar,akash_kunwar,1402,akash_998,1721
ihsavru,shiaurv,1416,ihsavru,1721
as1echamp9,as1echamp9,1443,as1echamp15,1721
loukiknaik,loukiknaik,1477,loukiknaik,1721
kartikey_21,kartikey_21,1506,kartikey21,1721
venomisoverme,prady_gupta,1520,pathetic_cond,1721
gHo0sT,gho0st,1636,nsakib1,1721
abhishekjiitr,abhishekjiitr,1686,coderguy,1721
betaphoenix,betaphoenix,1807,betaphoenix,1721
shim1998,shim1998,,shim98,1721
nagabhushan,nagabhushan,,nagabhushan,1721
imtiazahmedriton,imtiaz_riton,,imtiaz_a,1721
Cipriano_Bryan,cipriano_bryan__,,cipriano_bryan,1721
DheerajChhatani,dheerajchhatanidc,,dc_coder1,1721
darshit123_20,darshit123_20,,darshit123_20,1721
kshitij_coder,kshitij_coder,,kshitij_coder,1721
SilentVisitor,silentvisitor,,amey_9,1721
mohdsadiq058,mohdsadiq058,,mohd_sadiq_,1721
sheetalg,bvshe001,,bvshe001,1721
ipratikk,ipratikk,,ipratikk,1721
skv_06,s_k_v,950,skv_06,1720
anik_roy,roy,1272,coder_anik,1720
ramuked,ramuked,1335,ramuked,1720
md_sazid_khan,mark_42,1480,sajid1805,1720
aayuprasad,aayuprasad,1661,aayushprasad,1720
coder_99,coder_99,,coder_1999,1720
anurag_cse,anurag708,,anurag_cse,1720
aanchal09,aanchu_b49,,aanchal09,1720
itspranjal,pb_18,,cybertron00,1720
life_hacker,life_hacker,,rajat_euler,1720
ashishkalsi0907,ashishkalsi07,815,ashish_0907,1719
y25_gupta,ygboss007,1174,yg_er,1719
snapdragon1,snapdragon1,1180,snapdragon1,1719
saumyaagnihotri,saumya_agni,1249,saumya_agni,1719
ayush_ks,the_ayush,1285,ashukla_75,1719
skhr8591,shekharmaheswari,1312,shekhar8591,1719
nazimuddin223t,idlegossip,1327,nazimuddin223t,1719
amit1006,amit1006,1347,amit1006,1719
shivyyy_21,shivyyy_21,1394,shivyyy_21,1719
adityaraj98,adityaraj28,1401,araj1998,1719
av_123,av_123,1407,av_123,1719
slicingzoro,slicingzoro,1423,freaky_lufffy,1719
Achiever_03,sumanthbittu,1438,dontha_sumanth,1719
sumanth123,sumanthbittu,1438,dontha_sumanth,1719
Gaurang_Kothiya,gaurang_kothiya,1551,gaurangkothiya,1719
ruchi_nitd,ruchi_nitd,,ruchi_nitd,1719
jayu,jayu,,jayu_jd,1719
aman_gautam,,,amangautam1,1719
lilliput,sanath,,sanath_v,1719
prasoon_27,prasoon_saini_27,,prasoon_27,1719
matrix,matrix10,1218,matrix33,1718
shekhor,shekhor,1292,shekhor_15,1718
ssatendra790,ssatendra790,1297,nlog,1718
racer__x,racer__x,1357,racer__x,1718
cheese_cracker,cheese-cracker,1443,cheese_cracker,1718
jatin58,_decryptor_,1453,jatin58,1718
Alamgir,alamgir_58,1462,alamgir58,1718
harshhks,harshhks,1618,harshhks,1718
almasalmas,almasalmas,2047,almas_01,1718
RAKIB_2001,rakib_107,,rakib_2001,1718
simanto,simanto,,rsazid77,1718
zeffy,zefferskioich,,zefferskioich,1718
karwaan,,,sha_shank_96,1718
muditmahajan21,stand_alone21,,muditmahajan21,1718
codeit_14,,,codeit_14,1718
sumit_1005,sumit_1005,,sumit__1005,1718
saijas2000,,,chesai2000,1718
anuragsati7,yak0,1466,anurag_sati,1718
PSKP_95,pskp_95,915,pskp_95,1717
richa_02,richain218,1020,richa_188,1717
Aryan_Shrivastava,aryan_shrivastava,1071,aryan2307,1717
Sid_Bit28,sid-bit28,1264,sid2801,1717
krishrahul98,krishrahul98,1325,krishrahul98,1717
ak_lm10,ak_lm10,1342,ad_kum,1717
mayan_000,lemme_think,1376,mayan_000,1717
rm_097,213976,1403,rm_097,1717
Pulkit_31,pulkit0801,1413,pulkit_08,1717
m_tab86,m_tab,1429,m_tab,1717
architkl,architkl,1608,architkl,1717
codeknight_33,codeknight_33,1923,vyankatesh_333,1717
Chet8n,chethanj,,iamchethanj,1717
masood_1903088,masood_,,al_masood,1717
alamin39,alamin39,,alamin39,1717
HerrDirektor,herrdirektor,,herr_direktor,1717
swrp15,swrp15,,swrp_15,1717
furiousluck,furiousluck,1128,adarsh_singh1,1716
Rr1901,rahul_sannigrahi,1136,rahul_san,1716
shahriazshuvo,md.shahriaz_montakim,1189,shahriazshuvo,1716
zeph0yr,zephxr,1235,zephxr,1716
jaydeep_13,jaydeep_13,1334,jaydeep_13,1716
harr_6003,harry_6003,1359,harrry_60,1716
divyesh_155,divyesh_,1566,divyesh_15,1716
Divyesh_15,divyesh_,1566,divyesh_15,1716
Ritiksedana,code_devil2,1638,ritksedana,1716
codeEverything,mrrobot,,codeverything,1716
Nishant_Sharma,nishant-sharma,,sharma_boy,1716
saaketh9616,saaketh_9616,,saaketh_9616,1716
desai10,desai10,,sriramdesai,1716
primate,primate,,take_light,1716
mesarthak,me_sarthak_1608,,mesarthak,1716
sv2002,sv2002,,sonaliverma,1716
Shogun,5h0gun,,shivamshivam18,1716
ts0711,ts0711,,ts0711,1716
abhigyan_2929,abhi_2901,,abhigyan_01,1716
Lord_Lava,lord_lava,1016,snehil_sinha,1715
Ajay_Gupta,theajaygupta70,1125,stark_track007,1715
sakanksha_19,sakanksha_19,1217,sakanksha_19,1715
thisavik,thisavik,1299,thisavik,1715
racernigga,racernigga,1325,manavgrover,1715
hyper_uzi,hyperuzi,1505,hyper_uzi,1715
paras2411,paras2411,1648,paras2411,1715
Asterix_29,asterix_29,,asterix29,1715
ankan_ekansh,ankan.ekansh,,ankan_ekansh,1715
Kopwer,pals7363,,shubhampal3210,1715
recursiv7ag,recursiv7ag,,ag5826,1715
rathirohit,,,rathi1997rohit,1715
kaustubhvats,kaustubhvats28,1035,kaustubh_vats,1714
KhNikh,khnikh,1074,nipunkh1999,1714
abhiseksinha23,abhiseksinha23,1214,abhiseksinha23,1714
gautam94,gautam94,1251,gautam94,1714
manas0008,manas0008,1278,manas8,1714
realalphastar,anuragphadnis,1343,alphastar,1714
Rohan_kumar,rohan-kumar,1407,rohan0001,1714
prasanth30,prasanth30,1427,prasanth30,1714
royal_rai07,deepakash07,1435,deepakash07,1714
dwd_dhruv,dwd_dhruv,1501,dwd_dhruv,1714
hridoycse14,bu_hridoy,1515,bu_hridoy,1714
Abhishekgiri219,abhishek_giri_219,1598,abhishek_giri,1714
akash664,akashchandrakar,,akash664,1714
feitan_portar,ging_freecss64,,feitan,1714
vishesh25,visheshgoyal,,visheshg,1714
Khadija_Tul_Kubra,khadija_tul_kubra,,khadija1114,1714
AmanS03,as9997450,,amansingh0301,1714
danonika,cleverdoner,,danonika,1714
Tarik_Abid,tarique_abid,,tarique_abid,1714
vaibhavisingh,saytzeff,,didi17,1714
aqua_regia24,shreyas_24,864,aqua_regia24,1713
ioio21212,sauravioniv,1058,sauravionic,1713
deeprishi88,deeprishi88,1173,deeprishi88,1713
akula_rohith,a_rohith_555,1206,a_rohith_555,1713
gaurav4u,gaurav7830,1261,gaurav7830,1713
yashyg_27,kyash_27,1412,yash_027,1713
Manas_khare,manaskhare,,m_a_n_a_s_20,1713
pasnger,plexius,,pasnger,1713
sharma2908,sharma2908,,sharma2908,1713
san007,san007,,stranger101,1713
Mahin_Shefat,gh0stman,,saem_006,1713
deependra_18,deependra_18,,deependra_18,1713
chinmay,purplecj,,chinmay_jain08,1713
himbhadani,i_himanshu,,himbhadani,1713
ram1105,ram1105,698,ram110599,1712
Priyam_Anand,thunder_27,991,priyam_anand,1712
Rex,mr_rex,1177,rex3,1712
sajjadhuseyn,sajjadhuseyn,1210,sajjadhuseyn_t,1712
lucky_2206,lucky_2206,1215,lucky_22o6,1712
sahildabhi0101,sahildabhi0101,1279,sahildabhi0101,1712
amansonkar,amansonkr,1311,amansonkar,1712
nethish,nethish,1335,nethish,1712
anandlm123,_gaussian_shit,1348,anandlm123,1712
sakshamarya01,sakshamarya01,1369,sakshamarya01,1712
PieceOfCode,pieceofcode,1630,dbakti7,1712
Harshit4u,harshit4u,,harshit4u,1712
amanharitsh,,,amanharitsh,1712
roy3,roy3,,roy10,1712
sethhritik,sethhritik,,sethhritik,1712
sanskarag,sanskaragarwal,,sanskarag,1712
gargp1065,gargp1065,,gargp1065,1712
sam_khan99,sam_khan99,1009,sam_khan99,1711
chuckstopstalk,charles95,1059,charles95,1711
Misbaul_Hasan,misbaul_hasan,1212,misba_2241,1711
blue_beast,jengaa,1248,ameyajangam_22,1711
mahtoder,mahtodeepanshu,1256,mahto_legacy,1711
rebel_roar,rebel_roar,1325,rebel_roar,1711
satendra124,satendra124,1412,satendra124,1711
Yagna_603,notch_603,1425,notch_603,1711
Infinite_SouL,infinite_soul,1445,atulkhatri_23,1711
prakank,prakank,1581,prakhar_9464,1711
jaiganesh21,jaiganesh21,,jaiganesh21,1711
suraj1611,suraj1611,,suraj1611,1711
Saptak3315,saptak3315,,saptak3315,1711
rohitsai,rohitsai,,rohit225,1711
sscode1,sscode1,,sscode1,1711
shivendra_56,shivendra_k,,shivendra_k,1711
kira99,kira99,1232,kira_009,1710
iambharatks,bharatks,1250,iambharatks,1710
haanji,shadow2000,1257,shadowji,1710
arin17,arin17,1258,arin17,1710
meet35,meet6338,1270,meet35,1710
maifujalam,maifujalam,1299,alam7861,1710
Hardik_Upadhyay_1221,hu_geek,1308,hardik_1221,1710
adarsh9677,adarshsingh9677,1319,adarshsingh967,1710
Anand1999,anand1999,1344,anand_1601,1710
harryoo7,harryoo7,1523,haraka,1710
9autham,9autham,,k9autham,1710
Rav_Singh,rvsmr,,ravsimar_0,1710
ELITE,25ghost,,navpahul551,1710
altyon,altyon,,altyon,1710
s_w_a_p,swit,,sweetymhaiske,1710
john_wick,john-wick,,mr69,1710
wazza8,wazza_8,,wazza_8,1710
kpsk2000,kpsk2000,1177,puneethkanike,1709
rajanjha,rajanjha,1185,rajan_jha,1709
Aayush_31,aayush_31,1197,aayush_3198,1709
krishshewani7,krishshewani7,1246,krish_shewani,1709
siddhant_7,siddhant_7,1264,siddhant_7,1709
iamrick,iamrick,1275,iamrick,1709
margin0607,margin0607,1287,margin0607,1709
adshin21,adshin21,1422,adshin21,1709
frostic69,sam4i40,1432,sam4i40,1709
aynp,nand,1515,aryanpathania,1709
Marajul,.marajul.,1524,marajul,1709
VaibhavKansagara_1997,vaibhavkans,1551,vaib12121997,1709
vivekrai008,cenation008,,lastday008,1709
pz1971,pz1971,,pz1971,1709
tush_chen,m0nstercat,,tush_chen,1709
kala_jadu,akashsingh_10,,akashsingh_10,1709
kuldeep_498,kuldeep_kumar_ism,,kuldeep_ak_47,1709
sparx07,sparx,,ayushm17,1709
aryanpathania,aryanpathania,,aryanpathania,1709
pk_pawankushwaha,pk_pawankushwaha,1109,pawankhampar,1708
kunal9724_kg,kunal9724_kg,1140,kunal9724_kg,1708
arrnavvv,arrnavvv,1216,arrnavvv,1708
Hasan525,hasan525,1223,hasan525,1708
sweet_summers,sneha_c,1285,sweet_summer,1708
mamun_71,mamun-71,1358,mamun_71,1708
navnit28,navnit28,1362,navnit28,1708
nani_7,nani_7,1365,sai_kiran27,1708
adi2308,dubeyaditya6232,1385,its_me2,1708
tawraat,taawraat,1390,taawraat,1708
PriyankRastogi,priyank010,1488,priyank010,1708
utkarshpatel,lolzzz,1554,utkarshp,1708
Puspendra_19,puspndra_19,,puspendra_09,1708
prashanth_reddy,_phoenix__,,prashanth_redd,1708
anshulshah96,anshul_shah,,anshulshah96,1708
vishwas_007,vishwas_007,,vishwas_007,1708
chiranjev,chiranjev,,cypas,1708
sudhanshu457,sudhanshu457,,sudhanshu457,1708
gautam_raj0107,gautamraj,974,gautam_raj0107,1707
Kushal_47,holyfruit_47,1041,kushal_p_47,1707
UPdown,whatif,1254,sharma_vikrant,1707
skshivamkedia,skshivamkedia,1325,skshivamkedia,1707
goyal_sids06,goyal_sidds06,1356,goyal_sidds06,1707
yukta_chauhan,yuktachauhan,1385,yuktachauhan98,1707
gg_14,gg_14,1402,gg_14,1707
Surajgupta,suraj_gupta842683866,1464,sura_j,1707
Ace201m,ace201m,1474,mayank_2016,1707
AshokMalhotra23,ashokmalhotra23,1511,ashok_2312,1707
kshubham07,kshubham07,1606,kshubham07,1707
Mamnoon_Siam,l0oser,1744,mamnoon_siam,1707
yemre,yemre,2101,karindesen,1707
jainnirav88,jainnirav88,,jainnirav88,1707
rayhan28,rayhan28,,rayhan28,1707
tanzidi,tanzidi,,tanzid,1707
Piyush_2552,piyushkhurud123,,piyush2552,1707
Creator6113,creator6113,,creator6113,1707
NvrMind,nvrmind,,manoj_e,1707
agastya_singh,agastyasingh,,agastya_singh,1707
kk1506,kk1506,,kk1506,1707
gauravverma0908,gauravverma0908,,gauravverma09,1707
vanshmotwani16_21,vanshmotwani16,1224,vanshmotwani16,1706
sarthak_2019,sarthak_2019,1300,sarthak_2019,1706
shan2new,shan2new,1406,shan2new,1706
sagnik_1729,innocentcodr23,1522,sagnik_1729,1706
codexharsh,codexharsh,1559,codexharsh,1706
ArkaDas,treeking,1588,arka19das,1706
sarthakbansal135,its135,1607,sarthak135,1706
The_WA_Master,the_wa_master,1752,h_k_b,1706
Gopal_Gupta,gupta_gopal,,guptagopal,1706
charlie_04,charlie_04,,half_water,1706
madhavgaba,madhavgaba,,madhav97,1706
ken_adams,ken_adams,,sushant3524,1706
bhannasa,bhannasa,865,bhannasa,1705
ankit0709,ankitjava_0709,957,ankit0709,1705
The_Destroyer,the_destroyer15,1147,thedestroyer15,1705
manav0309,manavsinha03,1253,manav03,1705
sunand_agarwal,sunand_agarwal,1337,sunand_agarwal,1705
kaium_123,kaium.,1372,kaium123,1705
shamim7999,shamim7999,1434,shamim7999,1705
pranay_battu,pranay_battu,1440,pranay_battu,1705
sharshach,sharshach,1482,sharshach,1705
Atchyut,vivek_2601,1559,vivek_116,1705
prem20108,prem_cse,1617,prem_cse,1705
chefpr7,chefpr7,1619,chefpr7,1705
skmonir,skmonir,1701,skmonir,1705
nishantwrp,nishantwrp,1737,nishantwrp,1705
medhruv7,noob-ita-pro,,medhruv7,1705
iamzazi,zzazi,,shashijangra,1705
AmriteshSingh,amriteshsingh,,amriteshsingh0,1705
me_redwan,me_redwan,,me_redwan,1705
AshokVivek,vwake763,,ashokvivek,1705
tarun_10,tarun_10,1170,tarun_10,1704
smsh,smsh16,1220,smsh,1704
harshit_076,harshit_076,1225,harshit_076,1704
Abhay21,abhay_jaiswal13,1314,abhay_jaiswal,1704
deleted_chopra,naveenchopra5,1342,deleted933,1704
Xenomorphing19,xenomorphing_19,1361,anirudharora19,1704
c0bra_1,i_love_yogita_sangwan,1438,c0bra_1,1704
aceash,aceash,1478,secondchance,1704
poor_codr,sonianand966,1746,sonianand966,1704
White_Cloud,white_cloud,,white_cloud27,1704
kritarth21,kritarth21,,kritarth56294,1704
harpritsinh563,yadavharpritsinh,,harpritsinh563,1704
ojas032,ojas11,1201,ojas032,1703
_pi_sqrd_,pisquared,1219,pi_squared,1703
_pi_squared_,_pi_sqrd_,1219,pi_squared,1703
supratik16,supratik16,1270,supratik16,1703
Arif_IIUC,arifislam928374,1276,arif_iiuc,1703
SarvottamPriyadarshee,zeus_mmmut,1368,zeus_mmmut,1703
satyam_soni,satyam_soni,1408,satyam_soni,1703
viper69,shivamkirti71,1602,shivam_kirti,1703
kousikr26,kousikr26,1603,kousikrajesh,1703
Basilisk1995,fullmetal_algorithmist,1695,basilisk1995,1703
Toshad,toshad,1809,toshad,1703
spaceXYZ,,,ajay24072000,1703
JacksonJose,professorchaos,,professorchaos,1703
mp04,,,mp04,1703
aanchaltiwari__,aanchaltiwari__,1046,aanchal_8853,1702
neelamharsh,neelamharsh,1100,neelamharsh55,1702
rajput1813,rahulrajput,1204,rajput1813,1702
avni_20,avni_20,1228,avni_20,1702
Manish_113,manish_113,1228,manish_113,1702
omkargaikwad,omg_pict_23,1292,omg_pict_23,1702
amitpratapmall,_apm,1306,amitpratapmall,1702
sid_121212,siddharth_mehta1311,1416,sid_121212,1702
svineet,svineet,1463,svineet,1702
danielcm585,danielcm5583,1919,danielcm585,1702
_mamba,vainman,,sixty9thzeus,1702
tanny411,tanny411,,tanny411,1702
deepansh_946,deepansh_946,,deepansh_946,1702
Slanski,tyagi015,969,shriyam05,1701
Ajaymodi,ajay_modi,1007,ajaymodi,1701
itsjwala,jigar_wala,1157,jigar_wala,1701
mishraayush21,mrlucent,1244,mishra_ayush,1701
Eshu,eshu97612,1252,ishu97612,1701
arpunagar,arpunagar,1262,arpunagar,1701
gouharushran,gouhar,1326,gouhar_1512,1701
nishant_45,nishant_45,1429,nishant_45,1701
utkarsh_key,utkarshvns9793,1431,kfhgj13,1701
sonu_628,sonu628,1444,sonu_628,1701
iamRiBNAT,ribnat,1549,tradbu,1701
Adilkhan,betelgeusee,1673,kozhakhmetoff,1701
paulica,paulica,2166,paulica,1701
Loftier,loftier,,loftier05,1701
Shishankrawat93774,shishankrawat93774,,shishank_93774,1701
anianand,ani_anand,,anianand,1701
KeepQuite,keepmoving,,ankit_live,1701
jayanth_1,jayanth_1,,jayanth_1,1701
Invincible_M15,invincible_m15,,pragyan15,1701
suraj021,suraj021,,suraj021,1701
shreybhatt97,shreybhatt97,,shrey97b,1701
TusharCSE35,tusharcse35,1090,snow_cse35,1700
avinashsoni9314,avi_9314,1091,avi_9314,1700
shivam011,shivam011,1216,shivam011,1700
jain_shreyansh,jain_shreyansh,1238,jain_shreyansh,1700
sudipta_1704084,anik_chowdhury,1245,anik_chy,1700
viel_ubung,viel_ubung,1276,viel_ubung,1700
nkap,nkap,1317,n_kap,1700
hhvyas,hhvyas,1328,hardikvyas11,1700
Tourist55,sarveshdubey,1401,dubeysarvesh,1700
mudit_garg,mudit_garg4,1404,mudit_garg8560,1700
Dream_Kid,iamsourav,1433,dream_kid,1700
abhi7700,abhijeet007,1436,abhi0077,1700
xor,shantanutripathi,1459,shantanuthe1,1700
mantavya,mantavya,1461,mantavya,1700
sambhavk99,sambhavk99,1532,sambhavk99,1700
proRam,proram,1601,proram,1700
Priyanshijain,priyanshijain,1637,priyanshi2407,1700
fardin,__fardin__,,fardin_ritan,1700
naman_jain_2202,naman_jain_2202,,naman_jain_220,1700
rithyy,rithyk,,rithy_kabir,1700
lukasdeimos,lukasdeimos,,ritvij1999,1700
Priyam_18,priyam_18,,priyam_18,1700
SonalSriv,,,sonalsriv02,1700
aman_s_bisht,amansb_nit,,amansbnit_2020,1700
divyanshu4236,alpha503,,codeite,1700
sidtri2000,sidtri2000,947,sidtri2000,1699
A_bot27,a_bot27,1079,new_bot27,1699
yuvanist,yuvanist,1145,yuvanist,1699
alexanderritik,ritik_srivastav,1220,grenade24,1699
ankitdungriyal123,ankitsingh123,1265,ankit51099,1699
jaaroy,jonathanesmuyguapo,1616,oscarburga,1699
sandy999,sandy999,1661,sandy999,1699
Biswajitghosh98,biswajitghosh98,1816,thecodereaper,1699
LU_Hridoy,lu_hridoy,,hridoy_3519,1699
manetsus,manetsus,,manetsus,1699
sj_rifat,sj_rifat,,sj_rifat,1699
az1az10_1995,appro,,az1az10_1995,1699
TheAryan1504,thearyan1504,,thearyan1504,1699
StarDust_1125,stardust8888,,stardust54,1699
ShiveshTiwari,yuvanastra,,yuvanastra,1699
vikas18verma,vikas18verma,,vikas18verma,1699
thir,thir,,thir,1699
siriuslight,siriuslight,1081,siriuslight,1698
sumon,l_o_s_e_r,1131,onik123,1698
samyakhappy9,samyaksrivastava9,1272,samhappy9,1698
Aditya2150,aditya2150,1356,adi_2150,1698
PM_2509,pm_2509,1409,pranjal_2509,1698
rohit_03012002,rohit_03012002,1456,rohit_03012002,1698
atulshanbhag,atulshanbhag,1471,trojan1996,1698
Mark42,mark042,1502,araj2231,1698
Nabil28,nabil28,1545,nabil28,1698
dhruvik1999,dhruvik1999,1579,dhruvik1999,1698
brj_cool,brj_cool,1619,brj_cool,1698
jssosa10,jssosa10,1636,jssosa10,1698
newts,newts,,newts,1698
niteshsharma5,niteshsharma5,,niteshsharma5,1698
akash6019,akash6019,,akash6019,1698
lastcomrade,somerandomdude,965,last_comrade,1697
prateekrai2602,prateekrai,1018,prateekrai2602,1697
varun_07,97v.varun,1125,varun_07,1697
ritesh25033,ritesh25033,1222,ritesh25033,1697
icode_cpp,icode_cpp,1274,icode_cpp,1697
MeMoElprince,memoelprince,1322,memoelprince,1697
shuklashiva001,nobody_1,1362,shuklashiva001,1697
Sid07,code07hunt,1390,sudheer_07,1697
MakJ7,makj7,1395,makj7,1697
BagHead,bughead,1426,baghead,1697
anikamey,anikamey,1494,anikamey,1697
namanjain2312,namanjain2312,1542,namanjain2312,1697
Knight_of_Thirteen,knight_of_thirteen,1807,knight13,1697
mmaks,mmaks,1830,mmaks,1697
malviyan_shiv,malviyan_shiv,1996,malviyanshiv,1697
striker27,stryker27,,stryker27,1697
sadiq_123,sadiq123,,sahariar,1697
wow_01,_rsn_,,ataur077,1697
yashraj1402,yashraj1402,,yashraj1402,1697
bicycleman,bicycleman,,bicycleman,1697
_KANGRA,yamcha,,saurav421,1697
techaddict,techaddict,,iamtechaddict,1697
siam_cr7,beyondtwosouls,,siam_cr7,1697
swarajpande4,swarajpande4,,ednapjaraws,1697
codemaafia,code_mafia,,rajan1234,1697
swatty,swatty,,swatty,1697
ar56,,,ar56,1697
Diwakar_07,_diwakar_,950,diwakar07,1696
coding_is_passion_for_me,coding.is.passion.for.me,1071,sparsh_1234,1696
Adar8604,adar8604,1223,adar8604,1696
sammynerd,sanyamsinghal,1252,sanyamsinghal,1696
Disgusting_Coder,sahasubarna08041,1276,d_coder49,1696
pavit_1809,pavit_1809,1287,pavit_1809,1696
zean_7,zean_7,1307,zean_7,1696
singhrishu,rishusingh88,1320,lishu_singh,1696
harshofficial29,harsh.official29,1325,harshitsingh29,1696
sajid13,sajid13,1438,sajid13,1696
abhishek855,abhishek855,1475,abhishek855,1696
sandesh12345,killer_code,1495,san_desh,1696
ashutosh_saini,ashutosh_saini,1512,ashu3210,1696
mahatejvarma,mahatejvarma,1657,mahatejvarma,1696
Soumya1,soumya1,2231,soumya_67,1696
sayskar500,shinigami_500,,god_slayer30,1696
shzfahad7,shzfahad,,shzfahad7,1696
kabbya_kantam,kabbya,,kabbya_kantam,1696
prashant_pk,prashant_pk,,prashant_pk,1696
arthitapaul_3,arthitapaul_3,,arthitapaul_3,1696
kingslayer17,kingslayer17,,pgpiyushagur17,1696
RAyush777,r.ayush777,815,r_ayush777,1695
amank2001,kaa200102,1018,kaman2001,1695
mihir_spear,mihir_spear,1277,mihir_spear,1695
iamxlr8,iamxlr8,1376,iamxlr8,1695
Vinayak_26,vinayak_dhiman,1410,vinayak_26,1695
The_crawler,the_crawler,1457,the_crawler,1695
Hamza_Hassan,hamza_hassan,,hamzawy_,1695
sneachta96,sneachta,,jasmeet101,1695
rock_lee,rocklee,,rock7lee,1695
upen,Upendra,,upendra1234,1695
AijajKhan,aijajkhan,,aijajkhan,1695
boywhocodes,boywhocodes,,shreyansh778,1695
roshank9419,roshank9419,903,roshan9419,1694
prithus2,prithusingh4446,1165,prithus2,1694
WhatsDerivative,whatsderivative,1272,whatsderivativ,1694
mogamboCode,mogambocodes,1346,piyushbansal7,1694
HarshNP,harshanp,1398,harsha_76,1694
zeroonehacker,zeroonehacker,1443,zeroonehacker1,1694
Dewansh,dewansh05,1464,dewansh_36,1694
hackerpr7,hackerpr7,1478,hackerpr7,1694
ruhanhabib39,ruhan.habib39,1909,ruhanhabib39,1694
Jaman_khan,jaman_khan,,jaman_12,1694
siva140191,siva140191,,siva140191,1694
Aswathama,aswathama,,pj220593,1694
Dhirajpatil2346,dhirajpatil2346,,dhiraj_p_2346,1694
sushantp,sushantp,,sushant_1999,1694
ps_ss,ps_noob,1084,ps_noob,1693
visvats_141095,uzi007,1089,visvats_141095,1693
bajolia,changeble,1135,bhupendrabajol,1693
Helix_Dynamics,low_rating,1146,destroyer57,1693
raushan109,raushan.109,1167,rkcrauahan109,1693
khilji,khilji,1219,khilji,1693
Shammi,shammianand,1223,shammi22,1693
ayu1298,ayu1298,1291,ayu1298,1693
EduCS,educs,1403,educs2903,1693
shaily_27,noob_340,1417,shaily340,1693
sauravraj62,sauravraj62,1482,roll_1607070,1693
vishal_mry,wallcrawler,1605,wallcrawler,1693
sainad,sainad,,sainad,1693
priojeet_priyom,priojeet_priyom,,priojeetpriyom,1693
SaiDheerajEttamsetty,sai_dheeraj,,sai_dheeraj22,1693
s_eE_keR,s_ee_ker,,s7ven_x,1693
mspurohit09,mspurohit09,,mad1008,1693
rish_rish,rishita_singh,,singhrishita32,1693
Shyman101,shyman.o10,,shyman12345,1693
curiouscoder_cc,curiouscoder_cc,,hpaliwal4,1693
joshuajuan007,jj0010,964,juan123,1692
dokaniachef,codehunger,1152,dokaniachef,1692
JOSHUAJUAN,juan123,1165,juan123,1692
tj0389,tj0389,1186,tj389,1692
jain_ss,jain_ss,1210,jain_ss,1692
din2342,ydean892,1263,dindayal1234,1692
rah_1_23a,rah_1_23a,1341,rah_1_23,1692
SparshAgrawal,_asur,1356,hardik19102,1692
turtle407,turtle407,1395,ninjakai407,1692
Pranay_Chauhan,pranay2516,1453,pranay_chauhan,1692
itssecret,itssecret,1480,ravi_raushan,1692
akacoder,akash1509,1510,akash_321,1692
vatsal_ojha,mr.bean03,1512,vatsal_ojha,1692
nk17kumar,nk17kumar,1551,nk17kumar,1692
Surya1231,surya1231,,surya_1231,1692
Nitesh_Jain2611,nitesh_jain,,jain_2611,1692
thunderboltz_,thunderboltz,,thunderboltz_,1692
moinakd3,moinak_3,,moinak_3,1692
Mahmodul00,mahmodul00,,mahmodul00,1692
pk_09,parishrutkushwaha,,pk_2702,1692
gupta_vaibhav__,gupta_vaibhav_,1145,guptavaibhav01,1691
sparrow,--sherlock-holmes--,1148,sparrowboy,1691
sarthakverma12,sarthakverma12,1210,sarthakverma12,1691
shiv213,shiv213,1213,shiv_213,1691
AkshatShah21,akshatshah21,1235,hades_21,1691
souravvv,souravvv,1262,souravvv,1691
blablabla1303,blablabla1303,1276,blabla1303,1691
jpratik15,jpratik15,1311,jpratik15,1691
Idealcoder,theidealcoder,1319,anand2710dubey,1691
durjoy1971,durjoy1971,1426,durjoy1971,1691
plab0n,meplabon,1440,plab0n,1691
MKAY6122,mkay6122,1444,mkay6122,1691
khyati_agarwalss,khyati.agarwalss,1459,khyati_s,1691
zeddie,zeddie,1557,zeddie,1691
tajir_has9,tajirhas9,1610,tajirhas9,1691
sharatsachin,sharatsachin,1646,sharatsachin,1691
rag__,raghavgoenka,,raghavgoenka,1691
rajat1705,rajat1705,,rajatjain17,1691
ken_kaneki_124,ken_kaneki_124,,ken_kaneki_124,1691
abhi_2501,abhi2501,,abhi2501,1691
darshan786,d_p_beladiya,,darshan786,1691
srisairamakam,srisairam,,srisairam_akam,1691
udbhavsharma123,_udbhav_sharma_15,,udbhav_sharma,1691
vulcanx21,vulcanx21,,vulcanx21,1691
rohitthapliyal,rohitthapliyal,,rohitthapliyal,1691
PriyanshuRm,priyanshu.rmn,,cryptic_pr03,1691
PriyanshuRmn,priyanshu.rmn,,cryptic_pr03,1691
Tan10,tan10,943,tan_10_r,1690
femcode,parul7802,1119,parul7802,1690
sumanthreddy07,sumanth_reddy_kv,1302,sumanthreddy07,1690
foysol_ahmed,shuvo,1326,foysol_ahmed,1690
ThinkTwice,thinktwice,1349,roastedcoderr,1690
arpit_vice,arpit31,1400,arpits11,1690
strider_noob,strider_noob,1414,arkebi123,1690
onlyerror,onlyerror,1434,onlyerror,1690
amirhozaifa,amirhozaifa,1738,amirhozaifa,1690
PRABHAT625,horseprabhat625,,pprabhat66,1690
rishabhsmrt,rishabhsrivastava,,nerd001,1690
Ankit_12,ankit_12,,ankit8969,1690
ZaZo_,zazo_,,zazo_210,1690
edwardsangam,edwardsangam,,edwardsangam,1690
scarface41,fs.nishith,,scarface41,1690
K_4US,rapchik,,rapchik,1690
aayu_jain,,,aayu97,1690
abhilc,mathandmusic,1117,abhidoeslinux,1689
ShivanginiSahu_5520,shivangini_5519,1190,dimsums_763,1689
ronot,r0n0t,1250,r0n0t,1689
MISabic,misabic,1305,mi34n,1689
euleroid_1729,euleroid_1729,1361,euleroid_1729,1689
Ankit003,practice_ankit,1413,ak003,1689
rahulw,rahulwadhwa157,1499,rahulw,1689
yashagrawal19,17uec136,1507,yashagrawal19,1689
tensored,tensored,1542,imperfectboy,1689
vedaytas,vedaytas17,1660,vedaytas17,1689
RakibulRanak,rakibulranak,,rakibulranak,1689
sshubhamk1,sshusk1,,sshubhamk1,1689
carlose034,carlose34,,wtf_123,1689
dubey07,dubey07,,rammsd,1689
iamyp01,iamyp01,1055,yvrjprshr,1688
madhur_mundada,madhur_mundada,1097,madhur_mundada,1688
gargshivam2034,shivam05,1129,gargshivam2034,1688
shivam70846,shivam05,1129,gargshivam2034,1688
iharshit009,iharshit009,1139,iharshit009,1688
aditya0679,aditya0679,1199,adityakr0679,1688
cyrusThapa,cyrus11,1214,cyrus1219,1688
wolfhunt13,amrit_786,1214,slayer_13,1688
aniketsood,tekinac,1233,aniket3000,1688
yuktiswaroop,yuktiswaroop,1240,yukti_swaroop,1688
Formidable_snipe,mh.maruf,1284,maruf089,1688
varunkmr038,varunkmr038,1313,varunkmr038,1688
rajat20,rajat20,1315,rajatgupta20,1688
rounak_777,rounak_777,1395,rounak_777,1688
amlansaha,amlansaha,1412,amlansaha,1688
v_g,v_geta,1418,vishalgolcha,1688
mayankarora21,mayankarora21,1438,mayankarora21,1688
naeem4265,naeem4265,1485,naeem4265,1688
Avanish_58,avanish_58,1504,avanish_msra,1688
vsingh0075,vsingh0075,1510,vsingh75,1688
kabramananReal,kabramanan,1518,kabramanan,1688
anupriyaverma,anupriya13,1528,anupriyaverma,1688
rootedguy24,rootedguy24,1750,rootedguy24,1688
jhanurag,axurax,,jhanurag,1688
knb_dtu,knb,,knb_dtu,1688
coder_aj2007,coder_aj2007,,coder_aj2007,1688
kunal0403,kunal0403,,kunal0403,1688
hasib_hossain,hasib_hossain,,hasib_hossain,1688
harmonpreet012,harmonpreet012,,harmonpreet012,1688
redskeleton144,saranshgupta144,,redskeleton144,1688
tahmedge,tahmedge,,tahmid.iut,1688
ShreyashPanchal191,,,shreyash_sohan,1688
escobar_,hello_lippy,,the_shifu,1688
ackerman_levi,ackerman_levi,,ackerman_levi,1688
LordShrunkenant,lordshrunkenant,,shrikant727,1688
jagadeshsid,jagadeshsid,1126,jagadeshsid,1687
shapnesht,shapnesht,1138,shapnesht,1687
vivek__yadavv,vivek__yadavv,1177,vivek_yadavv,1687
promaroy2019,promaroy20,1195,promaroy,1687
Nazmul_Hossin,nazmul_hossin,1221,nazmul_hossin,1687
rishikeshwar,rishikeshwar,1239,rishikeshwar,1687
abhi_02_11,abhi_02_11,1251,abhi_02_11,1687
123456,silent_lamp,1322,shivichan_007,1687
janardhan_03,janardhan_03,1337,janardhan_03,1687
RayhanSefat,rayhansefat1332,1472,rayhanbcpsc,1687
agoli,agoli1,1626,agoli1,1687
manurag_20,manurag_20,,manurag_20,1687
PrateekRanjan,prateek_ranjan,,prateek_ranjan,1687
tushar_2658,tushar_2658,,tushar_2658,1687
i_tyagi,i_tyagi,,i_tyagi,1687
kushan23,kushan23,,kushan2302,1687
siddhid_s,siddhid2003,,siddhid2730,1687
siddhantk24,siddhant_k,,siddhant_k,1687
sumit_1002,,,sumit_1002,1687
hacker_yg,hackeryg,,hacker_yg,1687
shubhank2604,shubhank2604,1131,shubhank2604,1686
vipulkumar08,vipulkumar08,1176,vipulkumar08,1686
anamul31,432,1193,anamul31,1686
tpriyanshu,tpriyanshu,1232,tpriyanshu90,1686
rahul_tam,el_dorado,1294,rahul_tam,1686
SurpriseKing,aaryan_the_coder,1300,dark_joke24,1686
dcode786,dcode786,1319,d_code786,1686
SanjanaPatil,sanjana_269,1337,sanjana_269,1686
natoyato_,tusharkantijaiswal,1475,coderxxiar,1686
anas3a,anas3a,1545,anas3a,1686
cjchirag7,cjchirag7,1602,cjchirag7,1686
Dracarys2421,dracarys23,1639,dracarys2421,1686
polingy,polingy,2119,polingy,1686
hsingh1011,hsingh1011,,hsingh1011,1686
sanjeev007,sanjeev0007,,sanjeev0007,1686
toocurious,toofasttoocurious,,toocurious,1686
17manan,,,manan17,1686
sudip777sharma,sudip777sharma,747,sudip777sharma,1685
justrelax,justrelax19,919,ankugarg08,1685
Hariom1509,hariom1509,1168,hariom1509,1685
raz00raj,raz0raj,1356,bitobytes,1685
avijha_98,avijha_98,1381,avinash_jha98,1685
Never_Quit,coder032,1458,ay_19,1685
pranitchawla,pranitchawla,1596,pranitchawla98,1685
Naruto10,naruto10,,naruto10,1685
bugbuster404,bugbuster404,,bugbuster404,1685
pawan6300,pawan6300,,pawan6300,1685
shivam_145,shivam_145,,shivam_145,1685
PyAgni,pyagni,,pyagni,1685
Shivam_Tiwari,nemesis_neo,,c_geek,1685
SaumyaR15,saumyar15,1002,saumyarai2010,1684
tejpratapp468,tejpratapp468,1352,tejpratapp468,1684
sybergeek,sybergeek,1362,sybergeek,1684
woolgatherer,woolgatherer,1363,woolgatherer,1684
Touquir,photon,1402,touquir,1684
anshbargoti,anshbargoti,1427,anshbargoti,1684
Prady,pradyumna_,1503,pracker,1684
dc99,dc99,1606,divch,1684
divyanshg10,divyanshg10,1806,divyanshg10,1684
simantaturja,professor_,,error26,1684
kimbj0709,kimbj0709,,kimbj0709,1684
vikashgope,vikashgope,,vikashgope,1684
masters_akt,masters_akt,,kumarankit01,1684
adityachirania,adityachirania97,,aditya460,1684
jay_241,jay_241,,jay_241,1684
nitin17k,nitin17k,,nitin17k,1684
swapscool,swapscool,,swapscool,1684
haldhardwivedi,callmehd,1079,haldhardwivedi,1683
Kaab,kaab,1165,kaab,1683
thekushalghosh,thekushalghosh,1183,kushalghosh,1683
ajitsingh8595,ajitsingh8595,1183,ajitsingh8595,1683
ss04,ss04,1200,sham0416,1683
ranjeet,ranjeetscience7150477,1224,chandan7150477,1683
pradumn_303,pradumn_k,1249,phantom333,1683
tushar1247,tushar1247,1253,tusharagarwal1,1683
abhi_keshri,abhikeshri10,1303,abhikeshri10,1683
ishayadav181,ishayadav2918,1362,ishayadav181,1683
django,ojesav_foder1,1369,ojeufc,1683
ustadji,ustadji,1408,ustad_ji23,1683
aman333destiny,aman333,1424,aman333destiny,1683
Retard,kuhhaku,1616,soranaimanas,1683
arafat_01,arafatmn,2023,arafat_01,1683
jiraya_,jiraya_,2099,jiraya_,1683
kill_bill,arifbillah,,arifbillah,1683
jatiny17,jatiny17,,jatiny17,1683
f20190766,f20190766,,starboy_123456,1683
setha,setha,,ravi2022,1683
shivhek25,shivhek25,,shivhek25,1683
Nitesh__kr,niteshchaurasia30,,nitesh__kr,1683
ubamba98,ubamba98,,ubamba98,1683
yash49,yash49,,ya5h,1683
Vikaass_08,vikaass_08,1073,vikaass_08,1682
Daredevil21,teja231,1123,teja231,1682
Amxad_HT,aht...,1124,mohammed_tamim,1682
rajat_gajera,rajat_gajera,1191,rajat_gajera,1682
hmr_270,hmr_270,1200,h2707,1682
Sgupta123,shreyanshgupta838,1271,sgpta123,1682
Shoumya,shoumya,1329,shoumya_cho,1682
piyush_2012,piyush_2012,1333,piyush_2012,1682
goprone,goprone,1350,deepait5090,1682
mnzb2000,mnzb2000,1377,mnzb2000,1682
Hemans19,hemans19,1445,himanshu_lal_7,1682
shafinalam,_shafin_,1464,shafin_ahmed,1682
dev_14,dev_14,1464,dev_14,1682
Temprer,temprer,1480,temprer,1682
genius_007,gabbar,,genius007,1682
tds115,titan_12,,tds115,1682
shubham_k,backpropagator,,shubham_64,1682
pavan_putra,pavan_putra,,pavan_putra,1682
switch11o3,shikamaru-_-,,sandeep1103,1682
aleksandar_mil,aleksandar_mil,1082,aleksandar_mil,1681
Pandemania,pandemania,1136,ath_11,1681
bhardwajamit2609,amit_bhardwaj,1195,mramaj786,1681
ritwik2019,ritwikchakraborty.ritwik,1211,ritwik2019,1681
Salonix__,saloni_gupta__,1243,saloni_gupta__,1681
apmit2704,apmit,1281,apmit,1681
Xertz,nilesh070802,1288,nilesh_7,1681
sdkjflskjdosigjs,rushabh50,1307,rushabh_50,1681
bojackhorseman550,bojackhorseman550,1355,bojackhorseman,1681
programbhavan,programbhavan,1565,codebhavan,1681
Kunal_Kunkulol,kunalk0123,1649,tommy1230,1681
shahadat03,shahadat03,,shahadat03,1681
durvesh_patil,durvesh_patil,880,durvesh_patil,1680
beast_mode,alok_kumar1121511,1089,beast_mode,1680
palshubhodip9,palshubhodip9,1220,shubhodip_pal,1680
rajsheth23,raj,1253,rhetorical_raj,1680
himanshu18038,himanshuraj18,1260,himanshuraj18,1680
sasmit_shubham,sasmit_shubham,1263,sasmit_shubham,1680
decodefreak,mysterieux_daniyal,1310,decodefreak,1680
nick_b,nickb.,1400,nick_cb7,1680
Adarshkumar712,adarshkumar712,1486,adarshkumar712,1680
adi001,adi001,1500,adi001,1680
windspeed64knots,sajal_1415,1574,sajalasa,1680
biborno,udashi,1641,mejbah,1680
heon,heon,1692,heon,1680
rohan537,rohan537,1740,rohan537,1680
1804033_Mitul,tanjum,,mitul_1717,1680
xz,sneh1930,,sa2617,1680
shiv3116,shiv3116,,shiv0618,1680
kratos_007,deadguy,1249,jatin_007,1679
bhaavansai,bhaavan8911,1274,bhaavan8911,1679
codingnahiaati,ish_human,1349,rajhimanshu,1679
masrafi,masrafi,1359,masrafi,1679
mk_hussain,mkhussain,1520,mkhussain,1679
su050300,gol_en_05,1595,su050300,1679
Rp,rpsushil,,rpsushil,1679
mukul444,mukul_01,,mukul444,1679
lu_komol,lukom,,lu_komol,1679
shashankb_07,snape07,,shashankb_19,1679
avinash1904,avinash_kumar19042002,,avinash1904,1679
kolhe25,pk25,,pratham_kolhe,1679
aritrasen1503,aritra-sen,,aritra12,1679
NOYON31,nyn31,1031,noyon01,1678
its_shyam640,its_shyam640,1243,its_shyam640,1678
Arpit_2678,aj_2678,1262,arpit_2611,1678
offamitkumar,hello_hell,1280,hello_hell,1678
gabish01,gabish01,1284,gabish01,1678
ashishhattimare,ashishhattimare,1359,ashishgh1997,1678
aksareen,aksareen,1426,aksareen,1678
codemaster24,wa_specialist,1893,codemaster24,1678
ask6,ask6,,ask6,1678
Unknown_9,busohag,,unknown_9_9,1678
coder_bhavya,coder_bhavya,,bhavyacodec,1678
GeekyPandey817,geekypandey817,,shashwat817,1678
hitesh_khatri97,duggy_dum,,hit12345,1678
aj07,coderchamp7,,coderchamp7,1678
agno3,agno_3,,may98ank,1678
ravi_sins,rav_ish,1249,ravi123_2,1677
vivek0509,vivek0509,1277,vivek0509,1677
sdeepanshu17,sdeepanshu17,1538,deepanshu1709,1677
Uvaish_Zafri,rush_for_ac,,uvaishzafri,1677
shwetank_verma,coder_terror,,shwetank_verma,1677
kakkar_divyam24,divyamkakkar24,,divyam2001,1677
samkitjain4916,samkitjain4916,,samkitjain4916,1677
sahilmandoliya,sahilmandoliya,756,sahilmandoliya,1676
nawazwarsi761,naezy,781,nawazwarsi761,1676
Bbbvvz,below_average_coder,1079,abbhhi123,1676
prateek_sri,try_till_ac,1167,prateek_sri,1676
amansharma07,amanbuddy,1188,amansharma07,1676
katyalrishav,rishavkatyal1,1215,rishav_katyal,1676
jahid_hridoy,jahid_hridoy,1257,jahid_hridoy,1676
Palak123_g,palak123_g,1268,palak123_g,1676
BiggEr,bigger.,1305,bigger,1676
raxvab,raxvab,1306,why_bhav,1676
sak_eth_19,sak_eth_19,1317,sakpab2602,1676
Weap0nX,weap0nx,1335,ankit_iitp,1676
harsh_joeyit,harsh_joeyit,1341,harsh_joeyit,1676
isat1729,isat1729,1379,isat1729,1676
_agarwal_,_agarwal_,1381,agarwal_,1676
rahul7777,rahul7,1386,rahul7777777,1676
shrey_devep,shrey_devep,1509,shrey_007,1676
shyamkb,shyamkb,1797,shyamkb31,1676
bluemmb,bluemmb,1972,bluemmb,1676
delta_raw,delta_raw,,delta_raw,1676
abhi_179,abhi_179,,abhi_179,1676
Rishabh1_20,rishabh1_20,,rishabh1_20,1676
Rishabh12_20,rishabh1_20,,rishabh1_20,1676
awmirhn,ragen,,awmirhn,1676
kunjthakkar65,jay_jalaram,,kunjthakkar65,1676
ecstatic,ecstatic1,,ecstatic1,1676
aakankshadubey,aakankshadubey,,aakanksha_d,1676
amritansh6,amritansh10,,amritansh6,1676
learner_anshu23,,,anshu23_1999,1676
anshul299,guptajianshul299,,guptajianshul,1676
Ankit_Singh,ankitsingh_20,1198,ankitsingh_20,1675
dpnshu,dpnshu,1215,dpnshu,1675
anandk543,anandk543,1263,anandamar543,1675
prabalpsingh,prabalpsingh7115,1302,prabalpsingh71,1675
igwfigaf,hardik_vijay,1325,harvy98,1675
Rajon_68,rc68,1345,rajon_68,1675
mario056,mario056,1348,video,1675
sameer_hack,sameer_hack,1353,sameer_hack,1675
kaushal_jalan,kaushal_jalan,1481,kaushal_jalan,1675
pastor,abhayp001,,pastor,1675
atarax,atarax,,atarax,1675
Mu6a551r,mubasshir,,mu6a551r,1675
dash_jd2001,jhalak_dashora,,jhalak_dashora,1675
zayed,zayed,,zayed,1675
nishikanth,nishikanth,,born_insane,1675
Raunak_Srivastava,raunak_srivastava,,raunak6762,1675
Tahuruzzoha_Tuhin,tahuruzzoha,,tahurruzzoha,1675
arjundixit98,arjun.dixit98,,arjun98,1675
sakshi_sinha,_sakshi_sinha,,sakshi_sinha,1675
HarshCodes,hrxcr7,1119,hrxcr7,1674
Swassow,swassow,1176,swassow712,1674
hellRaiser,andersgame,1198,alice1473,1674
ijk13,ijk13,1297,ijk13,1674
harsh14,harshs14,1311,harshs14,1674
lonelycoder,skittles_99,1333,pallesai,1674
iTanuj,itanuj,1398,itanuj,1674
ak47,eagle_12,1409,amaan_oo7,1674
worldsaver,worldsaver,1422,warrenbuffet,1674
Enamulhasan85,enamul_hasan85,1430,enamulhasan85,1674
kabirkanha,kabirkanha,1697,kabirkanha,1674
iamskk,iamskk,,shubhamskk,1674
earthshakira,earthshakira,,earthshakira,1674
pulkitdhingraa,pulkitd2699,,pulkitd2699,1674
Xero,xero.,,xero_,1674
harsh06_,harsh06,,harsh06,1674
0_0,10_01,,s__s,1674
rishabh1024,rishujain,1003,rishabh2401,1673
hasan_prakash,hasanprakash,1068,hasanprakash,1673
caesar_49,caesar_49,1136,caesar_49,1673
Anuraj_Agarwal,anuraj_agarwal,1168,anuraj_agarwal,1673
bitbeast18,bitbeast18,1222,bitbeast18,1673
kaushik15103,kaushik15103,1233,kaushik15103,1673
realMash3r,sup3rfan,1239,notmash3r,1673
Nikhil077,nikhil077,1250,decipher_,1673
soumya0531,soumya0531,1253,soumya0531,1673
kumarajay,kumarajay_mak,1263,makumar,1673
aj1458,aj1458,1337,aj1458,1673
riadspartanbd,riadspartanbd,1394,riadspartanbd,1673
lsiddiqsunny,lsiddiqsunny,1616,lsiddiqsunny,1673
codebook_2000,codebook_2000,1644,codebook_2000,1673
murad_al_wajed,muradwajed,,murad96,1673
Abhi_sahu1500,abhi_sahu,,abhi8840,1673
Siddharth_Akar,siddharth_ar,,sid_1721,1673
Ayush_Khamar,falafel,,ayushkhamar8,1673
venu_01,venu_01,,venu_01,1673
hasanprakash,hasanprakash,,hasanprakash,1673
ShubhamG,shubham2311,,shubhamg2311,1673
ujjwalavishek,ujjwalavishek,894,ujjwalavishek,1672
aryan_13,aryans1319,985,aryans1319,1672
kamran_11b,kamran_neub,1037,kamran_neub,1672
shreyash_19,shreyash_19,1128,shreyash_19,1672
a_bot112,vaishnavi798,1143,pallu_122,1672
g_square,g_square,1270,gauravg1234,1672
repegfrost,repegfrost,1414,repegfrost,1672
Sharif_1804011,u1804011,,sharif_11,1672
Dinesh0602,dinesh0602,,dinesh_0602,1672
suraj_517,surajshaw3684,,suraj517,1672
codesanta,codesanta,,codesanta,1672
pravesh25,pravesh-pandey,,pravesh25,1672
DYSLEVIUM,dyslevium,1134,dyslevium,1671
ksushant881,sushant881,1139,ksushant881,1671
sushrut22,sushrut22,1145,sushrut22,1671
kunal0612,kunal0612,1276,kunal0612,1671
himanshu222,himanshu222,1301,himanshu_222,1671
Mubin_BUBT38,__broly__,1304,mubin_bubt38,1671
joker238,joker238,1455,aman_23_gupta,1671
chhavik,1711_shreya,1525,shreya_1711,1671
BluePenguin,mr_penguin,1625,kt_dark,1671
ps06756,ps06756,1656,ps06756,1671
jose,jose16,,jose98,1671
algolover,jayantjain,,jayantjain001,1671
piyush33patel,piyush33patel,1270,piyush33patel,1670
abhishekrai_20,abhirai24,1286,abhishekrai_20,1670
arpit_c10992,arpit_c10992,1421,arpit_c1099,1670
sadat999,sadat999,1442,sadat999,1670
KritikGarg,crytic.16,1476,kritikgarg123,1670
boruto003,boruto03,1590,tarun003,1670
alhelal_cse,alhelal_wa,1604,al_helal,1670
Shah_Devarsh,devarsh,,shah_devarsh,1670
shovon60,shovon60,,shovon60,1670
sourchak66,pazuzu,,sourchak6,1670
Rudraditya_J,rudraditya_j750,,shaivya3,1670
Avastino,shivam3001,,shivam3001,1670
ayush_singh99,ayushsingh_2799,,ayush_singh99,1670
dansiherror,danisherror,867,danisherror,1669
mkunal11,mkunal_11,994,mkunal11,1669
adarshanand67,alpha_coder_20,1118,adarshanand67,1669
amannn,amannn,1221,sharma_00,1669
Maverick_98,maverick.....,1255,danger_sam1998,1669
divyanshu_1122,prometheus32,1276,divyanshu_1122,1669
blackfyre01,blackfyre,1540,artemisfowljr,1669
ilikebarryallen,ilikebarryallen,,pavan23,1669
mnkp,mnkp,,mnkqc,1669
mark_85,mark_85_,,mark_85,1669
anonymous_beyou,gautii0911,,gautii0911,1669
anshjain18,anshjain18,,anshjain18,1669
taran_3010,singhcodes,,taran_3010,1669
Vandit_3804,vandit_1121,792,vandit_1121,1668
beast_sid,beast_sid,1043,sid_tyu_123,1668
pulkitb_01,pulkitb_01,1120,pulkitb_01,1668
coder_yash,coder_yash,1201,betuyash,1668
saskee1999,saskee1999,1233,saskee1999,1668
rakshitjain,rakshitjain13,1236,rakshitjain13,1668
jm_28,jm_28,1256,jm_28,1668
Amrito,amrito,1302,amrito,1668
farmanalam123,farmanalam285,1324,farmanalam123,1668
sudesh74,sudesh_7447,1333,sudesh_7447,1668
Anwar_Rizk,anwar_rizk,1363,anwar_rizk,1668
_dp95,_dp95,1395,dishantpawar95,1668
mohit94140,mohit94140,1490,mohit94140,1668
amirali,amirali83,,amirali83,1668
knigh_t,parth562,,knigh_t,1668
JEXPER,jexper,,jexper,1668
jadoo_21,,,jadoo_21,1668
vibhu007,vibhubhatia,,vibhubhatia,1668
TLE_007,jankit366,,al_ankit007,1668
dhirajmehta720,dhirajmehta720,,dhirajmehta720,1668
s_m_g,s_m_g,,s_m_g,1668
baskarhappy,baskarhappy,,baskarhappy123,1668
nadimayaz,nadimayaz,1006,nadimayaz,1667
charvee,charvee,1124,charvee,1667
da_grt_aru,da_grt_aru,1162,da_grt_aru,1667
SitanshuYadav,sitanshu_yadav,1170,sitanshu_yadav,1667
rohanlahori,rohan_25,1220,rohanlahori,1667
sbs2001,sbs2001,1228,shivam_20_01,1667
Keai33,keai33,1232,keai33,1667
jha4032,jha4032,1265,jha4032,1667
tnilesh02,tnilesh02,1280,tnilesh2,1667
saurav0882,saurav_0882,1477,saurav0882,1667
mahirlabibdihan,mahirlabibdihan,1538,dihuu,1667
marshal4world,marshal4world,1798,marshal4world,1667
access_denied,accesss_denied,,accesss_denied,1667
Kaushal121,,,verma123,1667
akazad7567,a_k_azad,,aakazad,1667
Vasiljko,vasiljko,,cope,1667
Asif32,asif732,,asif732,1667
shishir_montu,,,shishir_montu_,1667
sreevardhan,sreevardhan,,sree_vardhan,1667
gaki,gaki,,gaki,1667
Tharanivadde,sweety_12345,,s23_190031668,1667
Joint,joint,,wrong_syntax,1667
munna_bhaiya,gauravkmr0110,,gauravkmr0110,1667
saquelain_786,saq_40t,,saquelain_786,1667
atharva_saraf,atharva_saraf,,atharva_saraf,1667
iamchitti,,,i_am_chitti,1667
richard1307,richardtimothy13,936,richard13,1666
zyper26,zyper26,1189,zyper26,1666
shreyash_11,shreyash_11,1241,shreyash_11,1666
dipankar,dipankar_kumar_singh,1389,dipankar_kumar,1666
AKS1996,aks1996,1618,cv56,1666
veenit12,veenitshukla20,,v1e12,1666
saarang123,saarang123,,saarang123,1666
ayush_gupta4,ayush_gupta4,,ayush_gupta4,1666
nasibsu,nasib_sultan,,nasibsu,1666
nithin1572,nithin_xs,,nithin_1572,1666
an,ansh25lehri,,ansh25lehri,1666
smitgajjar,smit01,,smit01,1666
ravi9230,ravi9230,,ravi9230,1666
kklash,kklash,,kklash,1666
Jahnvi,tavshvi,840,jahnvi2,1665
sreeshanth_28,smps_28,1214,smps_28,1665
fuzzy10,fuzzy10,1227,mes10,1665
manjur_29,manjur_29,1326,manjur_29,1665
sp7,silupanda,1359,silupanda,1665
abhiyoke,abhiyoke,1363,abhishek090300,1665
stickman_pro,stickman_pro,1490,stickman_pro,1665
Vaskor096,vaskor096,,vaskor171,1665
rs119574,rs119574,,rs119574,1665
Prakash5,prakash5,,prakashd,1665
officialnizam,officialnizam,,officialnizam,1665
kaizoku_zoro,kaizoku_zoro,,kaizoku_zoro,1665
elite_abhi,darthy,,elite_abhi_27,1665
RohitWaghole,rohit2013,,ro_hit2013,1665
_tarun_agarwal_,_tarun_agarwal_,,tarun_agarwal_,1665
2.00E+09,pranayvarma,411,kl2000080147,1664
chah4t,chah4t,1067,chahatnagar,1664
parascoding,parascoding,1156,parascoding,1664
yashmiyatra,miyatrayash,1173,learner521,1664
Sujit_161001,sujitb_16,1249,sujit_16,1664
Lets_HACK,lets_hack,1437,tomboy001,1664
Achintyah77,ifyoukn0wwho,1453,achintyah77,1664
iamfarraz,iamfarraz,,iamfarraz,1664
prudvinit,prudvinit,,prudvinit,1664
abdullahjohar,abdullah_johar,,abdullahjohar,1664
rubel_,rubel_,,rubel43,1664
1.90E+08,1.90E+08,,anand_kathyay,1664
yash_291,yash_291,,yash_291,1664
iTeraTorr,ruchir.mehta,,ruchir_2112,1664
piyush1_123,piyush1_1_23,,jjjjjj,1664
anonymous1,,,arijit_123456,1664
kakovic,kakovic,1014,kakovic,1663
kj236jha,sasuke_fam,1151,kj236jha,1663
pradeep12,pradeep12,1235,pradeeps12,1663
Sourav2048,purplehyacinth,1269,kanon1,1663
himanshu2014,himanshudtu,1486,himanshu2014,1663
diptadas,diptadas,1667,diptadas,1663
vqt,vqt,1805,vqthanh,1663
tsdk02,tsdk02,,tsdk_02,1663
meag,meag,,meag,1663
neha93,neha93,,nk93,1663
bootcoder,bootcoder,1043,bootcoder,1662
ajaygupta007,ajaygupta007,1065,ajaygupta007,1662
paradox01,paradox01,1075,paradox01,1662
v1rtual,v1rtual_1ntell1jence,1163,v1rtual,1662
ratneshvjvergi,ratneshvjvergi,1332,ratneshvjvergi,1662
siamsplash5,siamsplash5,1430,siamsplash5,1662
uttom_akash,i_akash,1454,i_akash,1662
leandrovianna,leandrov,1492,leandrovianna,1662
RansomCodes,ransomcodes,,manmeet_966,1662
kc3,kc3,,kimocool,1662
mrigank9,mrigank9,,mrigank99,1662
Karthik224,mailstominnu,912,dashing224,1661
darsh_98,darsh_98,1055,darsh_98,1661
av192,av192,1078,av_192,1661
kavya_naik,kavya_naik,1081,kavya_naik,1661
kartikjaiswani,kartikjaiswani,1099,kartikjaiswani,1661
abhinavverma,abhinavverma,1101,abhinavverma,1661
velocireptor,owais.ahmed,1276,owais_123,1661
hipsi,hipsi,1378,hipranshu,1661
hipsi1999,hipsi,1378,hipranshu,1661
Karnis_052,1804052_karnis,1415,karnis_052,1661
Ashgo18,ashgo18,1437,ashgo,1661
shyamjalan,codiesam_007,1438,shyamjalan,1661
killua1zoldyck,killua1zoldyck,1453,killua_zoldyck,1661
piyush123,piyush123,1619,piyush110,1661
EpsilonAlpha,epsilonalpha,,epsilonalpha,1661
DarkElDestructo,efrengonzalez,,efren123,1661
ronaldocr7,ronaldocr7,,shashwat5013,1661
fuad27,fuad720,,fuad27,1661
Quadceps,quadceps,,datguyprasham,1661
langyanashish,langyanashish,,langyanashish,1661
devesh_badal,devesh_badal,1005,devesh_badal,1660
RounakRaj0401,rounakrajg401,1137,rounakraj401,1660
flanker14,coding_flanker,1280,coding_flanker,1660
trojan911,prasoonbatham,1359,prasoonbatham,1660
Siddik_007,abu_bakar_siddik,,abubakarsiddi0,1660
jeetsavsani1173,jeetsavsani117,,jeetsavsani117,1660
vansh29,nuenxfiu,,vansh29,1660
anubhavsingh04,anubhavsingh11,,rajput04,1660
rajkamal10,rajkamal10,,rajkamal10,1660
vikileaks,vikileaks,,vikileaks,1660
Pearlyadav,pearl199,,joker12,1660
grtushar,shadhin,1014,shadhin,1659
subham_cc99,subham_cc99,1061,subham_cc99,1659
Anushree_coder,anu_coder,1111,anushreejain98,1659
rohithpothula,prohithkumarreddy,1135,rohithpothula,1659
ujjawalrana001,survival_001,1143,survival_001,1659
prashant182002,prashant182002,1166,prashant182002,1659
sitesh221b,sitesh221b,1219,sitesh221b,1659
jenish_k,jenish_k,1249,jenish_k,1659
doom_coder,doom_coder,1388,doom_coder,1659
Apu_Das,apuye,1428,no_01,1659
bhargav_1225,sherlock_00,1436,bhargav_1225,1659
pryanshu__,pryanshuarora23,1595,pryanshuarora,1659
additya1998,additya1998,,additya1998,1659
abhi_dtu2014,abhi.rjpt0401,,abhi_dtu2014,1659
tocolor,tocolor,,tocolor,1659
parth_chovatiya,parth_chovatiya,,parthchovatiya,1659
uditkumar01,,,catchmeifucann,1659
wiss,wiss18,,wiss18,1659
imakshit2125,aaravaki2125,,imakshit2125,1659
Mr_Ak,16ucc012,,mr_1,1659
kiruba_r11,kiruba.r11,923,kiruba_r11,1658
aideepak,aideepak,1050,aideepak,1658
avaneeshk098,avaneeshk098,1090,avaneeshk098,1658
arihantjain01,arihantjain01,1139,arihantjain01,1658
b_vsbrk,bharath,1330,bvsbrk,1658
Anoushka03,anoushka03,1367,anoushka03,1658
bk13,bk_piro_comder13,1371,bk13,1658
kalzor,kalzor,1392,kalzor,1658
rishav2416,noddy527,1479,rishav2416,1658
nikhilnagrale2,nikhilnagrale2,1504,nikhilnagrale2,1658
rounak_0501,3_knights,1513,rounak_0501,1658
Shubham_Sawlani,sawlani_123,,sawlani_123,1658
oneshadab,oneshadab,,oneshadab,1658
hrishik,hrishik,,hrishik71,1658
hrushi_makode,hrushi_makode,,hrushi_makode,1658
mahithorat249,maheshthorat249,900,mahithorat249,1657
junioralpha,abhinav_152,1032,abhinav_152,1657
rajatupadhyay9,rajatupadhyay9,1151,rajatupadhyay9,1657
kashem_vai,meme_lord,1248,shahriarkabir,1657
suyog73,suyog_73,1270,suyog_73,1657
ganpa,ganpa,1315,ganpa_3,1657
unstoppable_today,anumoy_nandy,1497,aanu_2019,1657
a_natural,a_natural,1503,a_natural,1657
cryptomanic,cryptomanic,1703,cryptomanic,1657
tiagonapoli,martymcfly,1909,tiagonapoli,1657
Malviya_Harshit1998,harsh1334,,harshit2011,1657
abhigyan10,abhigyan10,,abhigyan10,1657
Wxld,consistencyisthechaavi,,ranjeetb10,1657
aronzx,aronzx,,aronzx,1657
Dhananjay__,dhananjay22,,godspeed_22,1657
Shubham230,shubham230,,shubham230,1657
surya_pushpa,surya-pushpa,,surya_pushpa,1657
coder_pro,coder_pro,1001,coder_proo,1656
_Adra_,adra_,1090,addy_19,1656
sharadha99,sharadha99,1094,sharadha99,1656
ak10rn,ak10rn,1107,ak10rn,1656
safecadet,safecadet,1124,safecadet,1656
hm2982,hm2982,1128,hm2982,1656
Vikkycirus,vickycirus,1139,vikkycirus,1656
kapildeshpande,kapil123,1244,kapildeshpande,1656
cedesion,cedesion,1250,ritikraj21,1656
adarsh_209,tripathiadarsh39,1257,adarsh_209,1656
masud_parvez,masud-parvez,1278,parvezcse,1656
ankush_dubey,ank_10,1306,ankush_dubey,1656
hmrockstar,hmrockstar,1404,hmrockstar,1656
coolrohan123,noob_coder,1406,coolrohan123,1656
sreekarmajety,sreekarmajety,1407,sreekar_majety,1656
XxSupremeLordxX,supremelord,1410,xsupremelordx,1656
Mallik_Prabhanjan,vemulapandu,1506,mallik1234,1656
ayush_hazard,ayush_hazard,1594,ayush_hazard,1656
lero1312,lerooo,1659,lero1312,1656
codeM,banra123,,banra123,1656
abhinav_20,abhinav_20,,abhinavv_20,1656
abhinav_2021,abhinav_20,,abhinavv_20,1656
Cr7_juve,gaurav_udia,,cr7_juve,1656
Predestination,predestination,,deepak_2100,1656
dashsubhadeep,,,subhadeep_15,1656
jhachirag7,jhachirag7,,jhachirag7,1656
imvijay_17,laxvijay_2000,875,huntervk_2000,1655
purukok12,purukok12,1013,purusewda99,1655
maxus_red,maxus_red,1049,maxus_red,1655
Adnatull,bass.exe,1217,zip_light,1655
priyanshi3008,priyanshi.exe,1255,priyanshi3008,1655
rahulgoyal030,rahulgoyal030,1279,rahulgoyal030,1655
sunny_09_01,sunnykr1530,1297,sunny0901,1655
pj09,chypsd,1307,pj09,1655
imunir,munir,1329,imunir,1655
the_chosen_one,hp_stormbreaker21,1597,ron_weasley,1655
Anurag2002,pirated_codes,,anurag41682,1655
rounak_raj,rounakrajrnk,,rounak_raj,1655
samarthraj11,samarthraj11,,samarthraj_11,1655
adarsh_2141,adarsh_2141,,adarsh2141,1655
grev,k4l1br,,htl5618,1655
heena1725,heena1725,997,heena1725,1654
champion_of_logic,ayushnautiyal1110,1016,ayush_n,1654
PolashIslam,polash_islam,1036,islampolash_75,1654
Rajneesh,rajneesh,1180,proraj,1654
jaisat,jaisat,1218,jaisat,1654
reetpriye,reetpriye,1248,reetpriye,1654
jayss5,jay_kotak_,1274,jayss5,1654
ravager_23,ravager_23,1294,atharvs1823,1654
hsekharsahoo,mashed_aloo,1308,hsekharsahoo,1654
romok,romok007,1398,romok,1654
anjali_04,anjali_04,1467,firephoenix_,1654
coderaddy0110,addycoder0110,1481,coderaddy0110,1654
Code0,code0,1565,pstalwalkar7,1654
dheeraj1995,dheeraj1995,1578,dheeraj1995,1654
mnithinkk,movingbit,,mnithinkk,1654
surajmisal18,surajmisal18,,suraj_misal,1654
hackforces,kvutxdy,,natsume_vn,1654
Raiyan13,raiyan13,,raiyan13,1654
khauf007,khauf007,,khauf007,1654
a_shivu,shivesh_gupta,,shivesh0333,1654
ishita_1,ishita_1,,ishita_1,1654
bagheldevender,bagheldevender,,bagheldevender,1654
blackpink,lilyblue,,aurorap,1654
prateekD2000,raptor1357,,raptor1357,1654
sam_abbas80,abbas80__,,sam_abbas80,1654
himansingh241,himansingh241,,himansingh241,1654
vidhisorte,vidhisorte,,vidhii16,1654
ayerhs_7,ayerhs_7,1075,shreya_deep_7,1653
problem_Solver2,poojitha_792,1125,poojitha_792,1653
codingdn,s112,1156,s112,1653
mohanji2526,mohan_gupta,1196,mohanji2526,1653
coding_sourabh,coding_sourabh,1284,code_breaker06,1653
ashraful_afruz,ashraful_afruz,1405,ashraful_afruz,1653
akarsh1108,akarsh1108,1428,akarsh1108,1653
bidanets,oldoldspice,1493,oldoldspice,1653
ankusht,ankusht,,ankusht,1653
ankur_777,ankur_singh_777,,ankursingh_777,1653
mahapatraakash,mahapatraakash,,mahapatraakash,1653
cp_prince_raj,games.princeraj,,leucippus,1653
darkgladiator,utkarsh_09,,utkarsh_1999kr,1653
SaJiDuR10,sajidur10,,sajidur10,1653
Manan_27,not.manan,1123,manan27,1652
muskanludhiyani,muskan160599,1212,muskan160599,1652
otnim,lustre,1214,lustre,1652
ishi_10,ishi_10,1298,ishita1003,1652
ayushmittal98,ayushmittal98,1420,silent_98,1652
__kira__,newb_ie,1434,mahbubsabuj2,1652
xlr8,f.a.h.i.m,1518,fahim_ahmed,1652
simp_,simp_,1636,simp_wc,1652
matcoder,matcoder,,abhishek8899,1652
shakil_iit_ju,shkl,,shakil2021,1652
LordNeo,lordneo,,priyanshu_2001,1652
harivii,harivii,,harivii,1652
oossiiris,r_osiris,,oossiiris,1652
progya,progya,,progya,1652
shiva_raj,shiva_raj,839,the_expandable,1651
_moosaisco28_,moosaisco28,950,abdullahmoosa,1651
theviper123,gauravsinghh72,953,theviper123,1651
liveoverflow,liveoverflow,986,liveoverflow,1651
priyankaskumar,priyankaskumar,1130,priyankaskumar,1651
colonel_bishop,gogofly,1145,colonel_bishop,1651
GnanaPrakash27,gnanaprakash6839,1199,gnana_6839,1651
Rana_Hossain,ranalive.hr,1244,rana9999,1651
reet_khairha,reet_khairha,1293,reet_khairha,1651
Coderboss,coderboss,1624,puspaul,1651
aliencoder22,aliencoder22,1950,aliencoder22,1651
c_h,coder-harshad,,coder_harshad,1651
kumud0091,k_r_123,,k_r_123,1651
kavania2002,kavania2002,,kavan155,1651
sahil2311sharma,sahil2311sharma,,sahil2311sharm,1651
rohith267,we_are_267,,vutukururohith,1651
ayush_ar0204,ayush_ar0204,,ayush_ar0204,1651
sukant_007,deadshot_007,,sukant007,1651
N_K_E,n_k_e,,nahid_103,1651
i_love_rao_khushboo,i_love_rao_khushboo,754,edith_3000,1650
tanishgupta34,tanishgupta216,1118,g_taneesh12345,1650
shiv1610,shiv1610,1178,shiv1610,1650
rafaielanam,brain,1196,rafaielanam_12,1650
Tharun0102,tharun0102,1200,tharun0102,1650
aditya__,aditya_yadav,1293,adb21102001,1650
Algeo3603,algeo3603,1319,alangeorge,1650
chikuchhabria,chikuu007,1371,chikuchhabria,1650
bombshot,bombshot,1445,bombshot,1650
_icarus_,sky57,1457,basuki_,1650
Avash,avasm,1478,avash12,1650
bufferOverfloww,pranjal9415,1481,pranjal9415,1650
Ahb_arif,ahb_arif,1493,ahb_arif,1650
iame,iame,1525,iame,1650
alif_biswas,hubybee,1528,alif_biswas,1650
ale,ale,1659,alejf,1650
akshathackos,akshathackos,,akshathackos,1650
Samruddhi_09,samruddhi_09,,samruddhi_09,1650
Dhvanil2220,dhvanil2220,,dhvanil_2220,1650
1.34E+10,naveen_1729,,naveen219,1650
Umama_alim,umama_alim,,umama_alim,1650
aakarsh2126,aakarsh2126,1104,aakarsh2126,1649
akshayshailesh,akshayshailesh,1140,akshayshailesh,1649
PKP,pkp,1157,pkp007,1649
raviparmar2002,raviparmar2002,1251,raviparmar2002,1649
nightcrawler42,nightcrawler42,1431,codewiz1224,1649
anonymous_k,ap_222,1448,anonymous_k,1649
garvitbanga,swagman07,1649,bangs007,1649
heliobdf,heliobdf,1751,heliobdf,1649
kingsenior,kingsenior,,kingsenior,1649
pmaik,pmaik,,maik,1649
mahfuz31,mahfuz31,,mahfuz31,1649
drunkenmaster,ninja_456,,ninja_456,1649
ninja_456,ninja_456,,ninja_456,1649
dawn_89,dawn_89,,dawn_89,1649
gk,garvitk,,garvit98,1649
tawhid,tawhidhassan,,tawhidhassan,1649
lgycre,ankushdutt,,ankushdutt,1649
geekblower,geekblower,869,geekblower,1648
kumaran_14,kums_,1050,kumaran_14,1648
HmRafid,rafid98,1063,hmrafid,1648
sagar__bisht,sagar._.,1192,sagar509,1648
anshyyy,anshuman9998,1220,codewithanshu,1648
rsmnnit,rsmnnit,1246,rsmnnit,1648
urdarinda,urdarinda,1274,urdarinda,1648
Abrar535,abrar535,1298,battlejonin,1648
nuhash_40,sabertooth,1470,nuhash_40,1648
Rascalam,rascalam,1605,souvik08193,1648
divyanshu1233,div12gau,1640,divyanshu1233,1648
bappy38,legendary_loser,1840,bappy38,1648
hasanhp,hasanul-bari,,hasanhp7,1648
jatin_singh,jatin_singh28,,jatin_singh,1648
ygtiwari,ygtiwari,,ygtiwari01,1648
lonely_coder12,,,lonely_coder12,1648
Rohitjain,rj33536,945,rohitj,1647
deepak123s456,deepaksing,1081,deepak123s456,1647
Sauravlal_2233,infinity1_1,1124,saurav_2233,1647
binarybeast01,binarybeast101,1159,binarybeast101,1647
srestha_152647,20je0975,1295,srestha_152647,1647
dhruv_kun,dhruv_kun,1311,dhruv_kun,1647
anurag_bhatt,_anurag,1434,anurag_bhatt,1647
code_next_door,code_next_door,1553,code_next_door,1647
nik09877,nik09877,,nik09877,1647
farabi_Shafkat,farabi_shafkat,,farabi_shafkat,1647
mohanjnv1,mohanjnv1,,mohanjnv1,1647
pinku7499,pinku7499,,pinku7499,1647
Sk21_code,coder_sayeed,998,sk21_code,1646
kruncluzion,KrutarthPatel,1109,krutarthkp800,1646
divyanshsikarwar,divyanshsikarwar,1126,divyanshsik,1646
ripbeat,ripbeat,1150,rishi301296,1646
amireripmav786,amireripmav786,1160,amir8682khan,1646
nitishchaudhary44,nitishchaudhary44,1172,cnitish10,1646
Grind_04,sid1204,1186,sidd04,1646
BhuwaneshNainwal,bhuwanesh,1189,bhuwanesh,1646
par4dox,par4dox,1210,par4dox,1646
harshmishra061,harshmishra061,1214,harshmishra061,1646
ragho,mr_raghav,1271,ragho,1646
RaviSriTejaKuriseti,ravi_krst,1271,ravi_krst,1646
tahir7044,tahir7044,1411,tahir0606,1646
raghuramjee,ramjeeraghu,1461,raghuramjee,1646
the_belal,the_belal,,the_belal,1646
fight_club,manvi_tyagi,,manvityagi,1646
wolverine97,wannacry97,,wannacry97,1646
LLooSSeeRR,,,manjeet_,1646
Hriday,hriday..garg,,mercury1508,1646
fortunefavour,_aditya_,921,fortunefavours,1645
ak149,immortal252,1107,ak149,1645
ILLUSIONX,nimish19,1199,nimbooz,1645
Ravishek,ravishekr7,1227,ravishek,1645
NoobCoder001,noobcoder001,1229,arstheking123,1645
rohanmali,rohanmali,1295,rohanmali,1645
vivekdhir77,vivekdhir77,1312,vivekdhir77,1645
AATIF,md_aatif,1335,aatif_7,1645
adarshpagarwal,adarshpagarwal,1376,titan_thanos,1645
sahilsinghss73,technophile.798,1497,sahilsinghss73,1645
Helsac,oscaresmuyguapo,1510,helsac,1645
cyan_coder,harshilbhatia2001,1559,harshilbhatia,1645
alpha___q,alpha___q,1959,sahilsinghss73,1645
mr__mk__12,mr__mk__12,,mkkrish43,1645
sharif_05,sharifulislam,,sharif_05,1645
real_ajay_sharma,ajay_sharma,,captain_india1,1645
captain_india,ajay_sharma,,captain_india1,1645
akk5597,akk5597,,akk5597,1645
kusum019,kusum019,,kusum019,1645
tganesanit,tganesanit,,tganesanit4490,1645
vinay_goel21,vinay_goel_,,vinay_goel21,1645
gnome_in_india,sauravgore97,767,code_cody97,1644
agarwalsparsh639,agarwalsparsh639,929,spa_rsh639,1644
sunil_4_0,sunil_1e,936,sunil_4_0,1644
Isha_31,isha_31,1097,isha_31,1644
fahim_ashab,chromium_fahim,1125,chromiumfahim,1644
n1trob4ct3r,n1trob4ct3r,1205,n1trob4ct3r,1644
abdude824,abdude824,1272,abhi__824__,1644
mahedi279,12662,1348,hassan178,1644
96koushikroy,96koushikroy,1428,koushikroy96,1644
tarunchesetti,tarunchesetti,,tarunchesetti,1644
badboy1496,badboy1496,,badboy1496,1644
vishwasjha17,vishwasjha17,,vishwasjha17,1644
PucchuCoder,pucchucoder,,yadav_pooja123,1644
Harsh_Kumar,h.a.r.s.h,,har_sh_123,1644
vinayak101,vinayak101,,vinayak101,1644
vandanaa_aroraa,vandanaa_aroraa,,vandanaa_arora,1644
nitin_bahekar,nitinbahekar,,nitin_bahekar,1644
coder_doze,coder_doze,,coder_doze,1644
yoyopolu,pollu,976,b2jena,1643
kucho,kucho,1136,kucho,1643
venom150,venom150,1140,illuminati08,1643
TAUHID_786,tauhid786,1199,tauhid786,1643
__goku__,__goku__,1234,gokuakasankalp,1643
tarun_1801,tarun_1801,1235,tarun01801,1643
darkshadow_ds,__kakarot__,1313,cisco_cr,1643
pulkit697,pulkitgarg697,1340,pulkit697,1643
AK_74u,srijon,1358,srijon28,1643
thebon3096,thebon3096,1425,thebon3096,1643
seeva92,seeva92,1438,shiva92,1643
nivedh,nivedh,1477,nivedh1,1643
evil_vegeta,sandeepkumar,1507,sandeep232,1643
rks2607,rks2607,1507,rks2607,1643
Biswadip_24,biswadip,1633,biswadip_24,1643
smokescreen,smokescreen,,smokescreen,1643
abir_075,abir_075,,abir_075,1643
yash2040,yash2040,,yashu2040,1643
khemchand,khemchand5487,,khem5487,1643
KarimElSheikh,karimelsheikh,,karimelsheikh,1643
DraqonLore,leafy_,,s1mple__,1643
greenindia,greenindia,,greenindia,1643
alfaijmansuri,alfaijmansuri,,dalfaijmansuri,1643
shashankmankala,shashankmankala,806,shashank_1502,1642
sultania23,pirates23,946,sultania23,1642
700iq,700iq,986,notorious007,1642
rajutsav1234,rajutsav1234,1116,rajutsav1234,1642
spartan09,spartan009,1216,spartan009,1642
amanjaiswal_20,amanjaiswal_20,1360,amanjaiswal_20,1642
Shoriful_Islam,shoriful_islam,,shoriful_islam,1642
zanam,zanhd,,zanhd,1642
raja11sep,raja_11sep,,raja11sep,1642
pra1nay7_313,,,pra1nay7_313,1642
mahicool7,the_red_coder,,mahicool7,1642
ace_coder,ace_coder,,ace_coder01,1642
pandeyiyer,pandeyiyer,,pandeyiyer,1642
guruc_134,guruc_134,,guruc134,1642
Shubhobroto,shubhobroto,1100,shubhobroto_20,1641
dharmender186,dharmenderlodhi186,1124,dharmender186,1641
smart_jain,smart_jain,1183,smart_jain,1641
prateek_mehra,prateek._.mehra,1269,prashnchinh,1641
Quartz,codexter15,1300,atishayj_1522,1641
ash,ash0904,1309,ash0904,1641
aditikumari,aditikumari,1424,aditi_soni12,1641
r0cket007,r0cket007,1479,r0cket007,1641
PiasRoY,piasroy,1494,piasroy071,1641
Farrius,farrius,1581,farrius,1641
ashu098,alexashu,1641,ashu00,1641
gasser,1,1651,gasser,1641
hash0111,hash0111,,hash0111,1641
joker4everyone,joker4everyone,,joker4everyone,1641
AmitThakur045,beinglame,,beinglame123,1641
devil_lived,devil_lived,,devil_lived,1641
arpit165,agk16,,arpit165,1641
Dancool_32,r_daniellivingston,,cool_dude_32,1641
allexceed404,allexceed404,,allexceed404,1641
Sahil_rb,rajeshpradhan,,sahilrb,1641
Jitensid,jitensid,1119,jitensid_123,1640
harryy_0112,harrydotin,1300,harryy_0112,1640
33sakib33,bojji,1309,sakib33,1640
Najat,najat,1406,najat1993,1640
YazanRi,yazanri,1765,yazanri,1640
anthonyhkf,anthonyhkf,1941,shinex,1640
Yousuf_76,yousuf_76,,yousuf_76,1640
av_i,humble,,ironman2507,1640
str15,satyam_343,,str15,1640
rdik,rdik,,rdik,1640
A_B_Y1,singhumang305,676,umang_26,1639
s_pandey05,spandey05,1090,s_pandey05,1639
iam_aman,i_aman,1093,iam_aman,1639
raikwar_amit,amitrai1603,1094,amitrai1603,1639
chaitanya_goel,chaitanya_goel,1102,chaitanya_goel,1639
henil_1718,henil_1718,1136,henil_1718,1639
nigam_211,suyash.211.sn,1200,suyash_0211,1639
Shubham_Bits,protocol117,1223,jshubhamphi0,1639
srinathbalaji_99,srinathbalaji_99,1313,marcusfenix_99,1639
D1VYANSHU,runtime____error,1404,dumbc0der,1639
ujjval60,ujjvalsaini,1406,ujjval60,1639
anish_sk,anish_sk,1590,anish_sk,1639
jporwal09,jporwal09,1599,jporwal09,1639
vivekiitism,123vivekverma,,vivek831,1639
prabhat_bajpai,prabhat_bajpai,,prabhat_bajpai,1639
bk222,bk222,,bk222,1639
Ashutos_65_00,ashutos_65_00,902,ashutosh_6500,1638
xakep8,xakep8,920,fake_xakep,1638
Siddheshkarande_17,sid1017,1098,sid1017,1638
sayan11,sayan_11_maitra,1162,sayan7586,1638
himanshu_shriv4321,himanshu4321,1226,himanshu_shriv,1638
kd83,kd83,1312,kushal12345,1638
Soul,so_ul,1339,soul3,1638
hchauhan7816,c_is_convention,1413,hchauhan7816,1638
BUG_JR,bug-jr,1638,tc_abd,1638
Rishabh144,john_coffey,,rishabh_144,1638
Thundrbol8t,thundrbol8,,ankush789,1638
Aadi_007,aadi_007,,aadi_003,1638
sourav_gupta0401,sourav.gupta0401,,sourav_gupta04,1638
jarvis211,jarvis211,,rajeevrau,1638
shivamsachan142,shivamsachan142,,shivamsachan14,1638
carpeNoctem,vijju532,,vijju532,1638
polska742,vaibhav.polska,1038,ecbian_11,1637
musicoder,musicoder,1090,musicoder,1637
Singhrohit,mjak_mjak_me,1099,mjak_mjak_me,1637
ssantosh12,ssantosh12,1114,ssantosh12,1637
Aman_dutt,aman_mnnit,1215,aman_mnnit1,1637
Amit_Mishra,kingsterdam,1273,amitcoder56,1637
I_am_insane,i_am_insane,1372,shashank_09,1637
metathor167,metathor123,,metathor412,1637
bit_master_2205,bit_master_2205,,advait2205,1637
vinayak42,vinuthegr8,,vinuthegr8,1637
ThatDarkone,thatdarkone,,thatdarkone,1637
prajjwalsingh,linter_linked,,prajjwal_rtr,1637
karthickpdy,karthickpdy,,karthickpdy,1637
prajjwal875,linter_linked,,prajjwal_rtr,1637
tanmay_0116,,,tanmay_0116,1637
siddharth_raja,siddharthraja2019,715,siddharthraja,1636
iftekharweb,iftekharmd.shishir,1144,iftekharweb,1636
11914002,svet,1217,svet,1636
shubham2201,shubham2201,1233,shubham2201,1636
n_sd,minnal,1257,n_sdsd,1636
Sanjida_Pearl,black900,1321,blueumbrella,1636
hahaharshita,hahaharshita,1329,hahaharshitaa,1636
animesh328,animesh328,1333,animesh328,1636
Protik_Nag,protiknag08,1408,protik_2015,1636
dragon_twister,dragon_twister,1428,rusho_40,1636
n_moles,anmol1point0,1482,anmol1point0,1636
rashmi_09,taparia17rashmi,1487,rashmi0902,1636
ehsan_sShuvo,ehsan_sshuvo,1493,ehsan_sshuvo,1636
aman_sehrawat,somethingjustlikethis,1763,deadly_aman123,1636
RKtheGREAT007,raj_gondalia,,rkthegreat007,1636
rohanrtiwari,rohanrtiwari,,rohanrtiwari,1636
adi_tdkr,adi_tdkr,,adi_tdkr,1636
aditya7843,aditya7843,,aditya7843,1636
jainsaahb,nikunj__j,,j_nikunj,1636
abhay05,electroworm,,abhay09,1636
Akshaymeister,akshaynigam90,,akshaymeister,1636
Bishesh_Singh,bisheshsingh.99,,bishesh,1636
cr7ritesh,cr7ritesh,,ggmudhn,1636
gthakursonu,gaurav_thakur,813,gaurav__thakur,1635
wozniak1991,gaurav_thakur,813,gaurav__thakur,1635
Raftyy,raftyy,1111,raftyy_13,1635
amit_mnnit,amit_mnnit,1253,alexsingh,1635
saurabhsingz,saurabhsingz,1301,saurabhsingz,1635
Iamravindra,iamravindra,1366,iamravindra,1635
hurutta,hurutta,1436,abid_jawad,1635
xsanchez,xsanchez,1442,xsanchez,1635
shettypriyesh761,shettypriyesh,1479,priyesh761,1635
Im_Amartya,im_amartya,,im_amartya,1635
Minhaj_10,minhajumid,,minhaj_100,1635
Drona,rohitangira,,rohitangira,1635
preacher,dibya172000,,preacher17,1635
prakhar415,jasoos_415,,prakhar415,1635
gaurav_thakur,gaurav_thakur,,gaurav__thakur,1635
Pranav_Raut,pranav_raut,,pranav_raut,1635
jalotra,jalotra,987,jalotra,1634
sanchit199,sanchit199,1178,imsotired,1634
mr_kamran,mr_kamran,1259,mr_kamran,1634
rahat_chy,rahat_chy,1354,rahat_chy,1634
3methylbutane,3methylbutane,1388,methyl3butane,1634
skmprohunt,skmprohunt,,skmprohunt,1634
J_hossain,d-joker,,d_joker,1634
Mahir101,we_dont_talk_anymore,,mls_sust,1634
bhawna_,_bhawna,,bhawna_1407,1634
virajudaysingh,virajudaysingh,,viraj_12345,1634
vaibhavsharma30,vaibhav30,,vaibhv_300,1634
pride_088,greed_088,,pride_088,1634
Prabodh,prabodhswain,,prabodh_swain,1634
zeusking4,adityadhiman12,719,adityadhiman12,1633
navinkt,navin_pu,896,navinkti,1633
samridhi1704,samridhi1704,897,ayshu_1704,1633
imSahil,imsahil169,1062,im_sahil_123,1633
mohakkhowal,mohakkhowal,1182,mohakkkk,1633
akashrajak,aakashrajak02,1201,akash435,1633
ujjwal_ab,ujjwal_ab,1260,ujjwal_ab,1633
sigigtww,sgupta_2001,1262,sgupta_2001,1633
utsav17,utsavtulsyan1234,1465,utsav1707,1633
Raj_hemant,hemantraj712,,hemant_712,1633
DeepChaklasiya,deep_chaklasiya,,db_chaklasiya,1633
diGit,shikari9000,,shikari9000,1633
abhi9av,abhi9av,,abhi9av,1633
1.80E+08,saiteja099,586,saiteja099,1632
enthusiastic_juhi,singh21juhi,978,singh21juhi,1632
abhinav1602,abhinav160294,1082,abhinav160294,1632
abhishek46tiwari,abhishek46tiwari,1111,ab_46,1632
himanshu98,himanshu98,1188,himanshu98,1632
Raviwarlord,007bond007,1299,raviwarlord,1632
R_H,raghavjindal,1612,raghavjindal,1632
adrsh23,adrsh23,1666,adrsh23,1632
kgaurav123,kgaurav123,,kgaurav123,1632
adityagoyal,adityagoyal,,aditya1829,1632
barjinder_paul,barjinderpaul,,barjinder_paul,1632
anant_0102,ananttiwari122002,,anant_0102,1632
JVJplus,jvjplus,,jvjplus,1632
knaresh10,knaresh10,,knaresh10,1632
ckk,ckk142,883,ckk_563,1631
csg33k,csgeek,1098,balajiyaswanth,1631
kulkarni_anu,anu_kulkarni,1114,kulkarni_anu,1631
Samia2001,samia2001,1166,samia2001,1631
VP,vishwa_02,1208,vishwa_patel,1631
ritik1503,paraboyyyy,1327,ritik1503,1631
junaid255,trgt_26trgt,1328,trgt_26,1631
yash_raj,yash_yr8,1396,yashraj98,1631
aman_iiita,amanverma6528240,1461,aman_iiita,1631
vedang122,vedang122,1474,vedang122,1631
ItsmeCaptain1,itsmecaptain4700,1475,itsmecaptain1,1631
TilakSN,tilaksn,1546,tilaksn,1631
iamssuraj,iamssuraj,,iamssuraj,1631
Mare12,kyubi_coder,,kami_solver,1631
vishalMCE,vishalmce,,vishalsingh469,1631
ank_kumar,ank_kumar,,ankitkumar2210,1631
The_boi,ayush8750,,ayush_8750,1631
sainagendra,sainagendra,,vsainagendra,1631
akshitx10,akshitx10,1130,akshitx10,1630
ritulaggarwal,ritulaggarwal,1218,ritulaggarwal,1630
lpulkitl,pultik,1227,lpulkitl,1630
shivali0810,shivali0810,1239,shivali0810,1630
Mahmud008,axiomatic008,1261,secret_chef,1630
porwal_ayush18,porwal_ayush18,1303,porwal_ayush18,1630
TanzilTanmoy,tanmoy_,1375,tanziltanmoy21,1630
_ashish_,targaryenwolf,1444,optimus_12345,1630
__abhishek2012__,abhisheksrivastava,1477,abhishek177,1630
shibly,shibly,1638,maksud,1630
down100,down__,,justrifat,1630
nfpranta,nfpranta,,nfpranta,1630
prerakd,prerakd,,prerakd,1630
pradeepgangwar,pradeepgangwar,,pradeepgangwar,1630
ace_nishant,ace_nishant,1007,ace_nishant,1629
rimmi_goWithFlow,rimmi_gowithflow,1060,riru9899,1629
nirmit19,nirmitgupta941515,1105,nirmit19,1629
runtime_terr0r,runtime_terr0r,1113,runtime_terr0r,1629
RajatYadav,dark_shadow_rajat,1154,rajat9833,1629
rk,rkstar1207,1228,rkstar1207,1629
riya01_20,riya01_20,1238,riya01_20,1629
gulshan2052,gulshan2052,1372,gulshan2052,1629
error_12,error_12,1525,singh_shivansh,1629
kushwah_1,kushwah_1,1589,kushwah_1,1629
swapnilsaha,swapnilsaha,1624,swapnilsaha,1629
Winnerdevil,winnerdevil,,winnerdevil1,1629
Ab_Mahin,ab.mahin,,ab_mahin,1629
mohitfps10,mohitfps10,,mohitfps10,1629
Harsh_Gupta,simpcoder02,,sirius02,1629
shyam1007,mittalshyam007,398,shyam_1007,1628
Mayu008,mayu007,788,mayu008,1628
deathBlade02,deathgod020,806,deathgod020,1628
akshat_jha,gojo57,985,gojo57,1628
akspa28,aks_28,1112,aks_2803,1628
mayankandro_007,mayank01000,1125,mayankandro007,1628
ArchishmanSengupta,archishman1808,1165,archi1808,1628
agomi123,agomi123,1256,agomi12,1628
enola,pallavipushpam2000,1294,enola3011,1628
IamSPEED,tejasparse03,1306,tejasparse,1628
aniketpatel,aniket7007,1326,aniket700,1628
Divy_Agrawal,divy_agrawal,1359,divy_agrawal,1628
abhi698_mnnit,abhinav698,1370,abhi698_mnnit,1628
jaydeep1617,jaydeep1617,1594,jaydeep1617,1628
EhsanP,imtiredboss,1907,ehsanp,1628
arpapon,arp75,,ar_papon,1628
satyam2006,,,satyam2006,1628
ashutosh_0011,ashutosh_0011,,ashutosh_0011,1628
ritikks235,ritikks235,,ritikks235,1628
ajaykg6917,ajaykg6917,,ajay_mnc,1628
amruthsaiporeddy,amruthsai,,amruth_sai,1628
vaibhav1224,vaibhav1224,,vaibhav1224,1628
naniraghu,naniraghu,978,naniraghu,1627
breddreamer,breddreamer,996,breddreamer,1627
jstkiddin,jstkiddin,1026,kashyap02,1627
Sharia_Habib,sharia_habib,1092,sharia_habib13,1627
shandilya0598,shandilya0598,1105,shandilya0598,1627
rohitoberoi2000,rohitoberoi2000,1138,imrohitoberoi,1627
shatishay123,shatisayjain12,1141,shatishay,1627
nahi_aati_coding,pranjalcodes,1152,nhi_ati_coding,1627
nitishingde,nitishingde,1224,nitishingde,1627
princeyadav09,princeyadav09,1261,princeyadav09,1627
shivam2303,shivam2303,1339,shivam2303,1627
iamparthabhowmik,iamparthabhowmik,1351,bhowmik_partha,1627
hgharshop,hgharshop,1361,hgharsh,1627
rohit_strt,rohit_strt,1411,rohit_strt,1627
danielvitor23,danielvitor23,1426,danielvitor23,1627
Dragnil_,dragnil_,1451,dragnil_,1627
AnikateKoul,anikatekoul,1494,anikate03,1627
FCUKmodiBhakts,fcukmodibhakts,1673,rsdel20007,1627
sumit_yadav,sumit18cs,,sumit18cs,1627
bhavsar,bhavsar,,ameybhavsar,1627
AtaharPollock,pollock,,pollock_12,1627
abhishekpmore,abhishekpmore,,firstab,1627
kunal_makwana,kunal_makwana,,kunal_cp,1627
white_coud,badal_jha,925,white_cloud,1626
itachi,kalyan_yadav_,941,kalyan_yadav,1626
strawhat_8502,strawhat_8502,949,strawhat_8502,1626
anujnegi,anuj0501,1115,anuj0501,1626
Avinash128,avinash128,1120,zen_avinash,1626
koustubh2912,kt2912,1132,koustubh92,1626
eftikhar_azim,upbeat,1146,eftikhar_azim,1626
Shimul_Sutradhar,shimul_sutradhar,1264,shimul614,1626
M45UDrana,m45udrana,1313,m45udrana,1626
BlueSharK,blueshark,1418,rakib_1107,1626
abhibansal53,abhibansal53,1531,abhibansal53,1626
rishabhk965,rishabhk965,1633,rishabhk965,1626
allenite,allenite,,allenite123,1626
adi2710,arnold27,,adi2710,1626
vittal_161,,,vittal_161,1626
dinskid,dinskid,,dinskid,1626
siddharth_g,siddharth_gp,,iitm,1626
Saraswati0708,saraswati789,,sarso789,1626
telepathy,raviraj3990,,raviraj3990,1626
g4_m78,g4m78,1004,anubhavwas,1625
snehasingh_20,snehasingh_20,1096,snehasingh_20,1625
kkgroup,kkgroup,1132,kkgroup,1625
I_Am_A_Noob,i_am_a_noob,1166,vishalaitha7,1625
P__as99,p1_ras2002,1169,paras999,1625
hawkeye,piyush_91,1228,piyush_1_9,1625
aditya_pratap1,aditya_pratap1,1279,aditya_pratap1,1625
yash7047,yashjaiswal895,1315,yash7047,1625
IamPrabhi,prabhi,1324,conquizztador,1625
armaan48,armaan48,1426,armaan48,1625
aditi2896,aditi2896,1467,aditi2896,1625
saivignesh,saivignesh_ad,,saivignesh_ad,1625
puns,puns,,puns,1625
nishantk5,nishantk5,1145,nishant_464529,1624
apurva3455,ad18,1154,apurva3455,1624
Prat10,prat_1045,1191,prat_1045,1624
kazakhThunder,kazakhthunder,1222,golovkin,1624
refatulfahad,refatm452,1266,bacca,1624
Ruchit_Kalathiya,ruchit_1511,1282,ruchit_1511,1624
mahbub15,arju_cste15,1304,pseudo_code20,1624
maharshi_khiladi,maharshi_khiladi,1512,khiladi586,1624
shinigami_sans,sanskar49,,shinigami_sans,1624
tarush01,tarush01,,tarush_01,1624
Sagar0702,saga0702,,kalrasagar0702,1624
aseet_dhale,aseet_dhale,,aseet_dhale,1624
sudipt1999,sudipt1999,,sudipt1999,1624
annnk5536,ank2014,,annnk5536,1624
gxfireball,prateekgawd,982,gkalyan,1623
veehan,ratn_pratiksha,1041,unused_data,1623
Ratnu,ratn_pratiksha,1041,unused_data,1623
SM_29,sid_29,1047,mauryasid1999,1623
mesc,mesc08,1090,mesc,1623
Lakshmendra,lakshmendra,1175,lakshmendra,1623
codelord09,neerajgupta0912,1190,guptneer09,1623
code_n_build,infinity23,1203,the_kalakar,1623
sriv28,sriv2804,1219,sriv2804,1623
Orz_1,yellowbeard,1231,knight_rider45,1623
rajat_kgp31,rajat_kgp31,1337,r_codebreaker,1623
__harshitgoyal,heavy_sobber,1408,mercury_007,1623
lance_lot,lance_lot,1640,lance_lot,1623
superstorm,superstorm4242,,superstorm,1623
atmfaisal,atmfaisal,,atmfaisal,1623
ggeeta3399,_ggeeta_3399,,geeta_983,1623
ashutoshkumar6,ashutoshkumar6,,ashutosh6,1623
stopstalkstop,ishanbhatia1998,858,ishanbhatia,1622
dev_codes,devanshumishra543,931,dev_codes1m,1622
Manan391,manan391,1004,manan392001,1622
345anki,zys_a,1074,ja35,1622
yadavdipesh,yadavdipesh,1103,yadavdipesh,1622
rohitcode26,rohitcode26,1149,rohitcode26,1622
sky08,shashankyadava08,1229,shashankyadav0,1622
Palak_8840,palak_8840,1279,palak_2906,1622
JnU_siddharth,incarnated,1342,siddharth88,1622
pnirmale52,pnirmale52,1407,pnirmale,1622
utkarsh_tyagi,utkarsh_tyagi,1410,utkarsh190,1622
sahujivarun,sacredcoupoid08,1427,sahujivarun,1622
pulkitp2707,pulkitp2707,1435,pulkitp2707,1622
Mr_Bangladesh,mr_bangladesh,1438,faizul_bu,1622
sharique_5,sharique,,sharique_5,1622
shikhorroy,slow.coder,,shikhorroy,1622
acktron,acktron,,ack_tron,1622
parasitic,theparasitic,,paras5,1622
ankan,g906360,,ankan10,1622
cesur,cesur,,cesur,1622
chetanrns,chetanrns,,chetan101,1622
amarks444,amarks444,,amarks444,1622
roshan_06,illogical_coder,,roshan06,1622
Prakhar_08,prakhar_08,,prakhar_08,1622
kalra_prince,kalra_prince,,kalraprince,1622
smv,mastan,,mastan1301,1622
s20_190031187,7krishna3radha,811,s20_190031187,1621
Mahmudul_29,mahmudul_hasan,936,mahmudul200229,1621
sajeeb,sajeeb02,1057,sajeeb02,1621
idontknowanythingandiamfucked,rupayanroy_official,1085,ruproyofficial,1621
saifur_shamim,saifur_shamim,1117,saifur_shamim,1621
kali1314,kali1314,1189,kali1314,1621
SrB30,srb30,1225,srb_30,1621
emdadul_islam,emdadul_islam,1274,emdadul_islam,1621
MaskedCarrot,maskedcarrot,1425,maskedcarrot,1621
BelowAvg,frdhsn,1431,frdhsn,1621
D_D_D,d_d_d,1632,diptoodey,1621
the_badcoder,the_badcoder,1669,the_badcoder,1621
yugamtiwari_yt,poisonserpent_17,,yugamtiwari_yt,1621
1704052_arup,_arp_,,arup52,1621
mrj35,mrj35,,mrj35,1621
AnshulSharma,jack_n_jill,,anshul_15,1621
Ishwar,ishwar_749,,ishwar_749,1621
Darshan,darshan,,darshanvaghela,1621
drunken_joker,drunken_joker,,drunken_joker,1621
Vipul_Kaushik,kaushik_15,941,vipshik,1620
sim4,singhalharsh10081999,995,singhalharsh10,1620
jvishad,vishad522,1002,jvishad_jain,1620
nobita_01,nobita_01,1113,nobita_01,1620
Susanka,drunk_phoenix,1285,bingobong,1620
Mehrab_Mahi,mehrab_mahi,1289,mehrab_mahi,1620
SpiralForge,spiralforge,1301,as_spiralforge,1620
anshulgoel553,anshulgoel553,1458,anshulgoel553,1620
Skrillex,bb2211,,bb2211,1620
mainul3195,luniam3195,,mainul3195,1620
saksh1i_priya,sakshi_1-,,cod_123e,1620
sripurna,sripurna,909,sri_purna,1619
chinmay_25,chinmay_25,914,chinmay_25,1619
ankur221b,ankur221b,986,ankur221,1619
Sarveshpandey_21,sarveshprofessional2004a,1018,sarvesh_11119,1619
manas_ss47,manasrai1234567,1039,manas_rai,1619
h190330283,1.90E+08,1039,siddu12345,1619
pratik2000,pkv_20,1059,pramics123,1619
Shrayansh95,sweat_and_determination,1084,shrayansh_9511,1619
rajrawat_,raj_rawat,1090,rajrawat37_,1619
A_G_Maruf,a.g.maruf,1177,nill98,1619
Jahaji,jahaji,1196,current_nai,1619
jamil993,mohammadjamil994,1208,jamil993,1619
GarvitD,garvitd,1243,garvitd,1619
nvseshaiah,seshaiah18,1254,nvseshaiah2013,1619
shivammmm,cvcvcvcvcv,1275,shivammmm,1619
not_abhishek22,abhiofficial1729,1352,not_abhishek22,1619
jatinyadav97,jatinyadav,1405,jatinyadav96,1619
Ayu0809,ayu0809,,ayu0809,1619
apoorv_01,apoorv_01,,apoorv_01,1619
Nikhil_mishra_sf,captnikh,,captnikh,1619
tanmaythanvi15,tanmaythanvi15,,tanmay_thanvi,1619
red2504,red2504,1039,red2502,1618
fab,falguni19,1143,falguni19,1618
shiva141,umshetteshivaprasad,1145,shivaprasad141,1618
prime_0825,prime_0825,1240,prime0825,1618
shivamkumar177,shivamkumar177,1246,shivamkumar177,1618
prashobh,prashobh,1265,prashobh,1618
srishti8124,srishtigoyal18,1274,srishtigoyal18,1618
vs22,sharmavaibhav227,1385,askvaib,1618
hritik_agarwal,hritik_456,1468,hritik_agarwal,1618
addy1397,adityasingh.1397,1559,addy1397,1618
tanmoy1228,tanmoy1228,,tanmoy1228,1618
wacoder,wacoder,,wacoder,1618
saketk21,,,saketk21,1618
gakash2001,wicked_slayer,980,wicked_slayer,1617
pavankalyan0105,micheal0105,1014,pavan_01_05,1617
jyasa,jeevanyasa_04,1083,jeevan_reddy04,1617
ayanmds18,ayanmds18,1100,ayanmds18,1617
ftowaha,towaha,1183,ftowaha,1617
alucard_01,alucard_01,1274,alucard_01,1617
apsl,apsl,1283,apsl,1617
DMaheshwari,devesh1234,1309,devesh2,1617
someone_lunatic_lyk_hell,someone_lunatic_lyk_hell,1320,aa6245,1617
Evan_Shareef,evan13,1336,evan_13,1617
arpana_74,ar_pi_99,1365,sum_29,1617
mk_02,mk_02,1531,mk_1998,1617
deepanshu4929,deepanshu4929,1612,me_deepanshu,1617
labibgb,labib,1640,codebreaker062,1617
unkFoEva,abhay7bhardwaj,,abhay7bhardwaj,1617
performance,rehanmeer,,rm99,1617
elistark,elistark,845,starkeli,1616
swapnildoaba11,swapnildoaba11,1093,swapnildoaba11,1616
terminator222,terminator222,1250,terminator_22,1616
algebro_vj,no_onion,1357,vidhitjain,1616
anay_ag,anay2102,1631,anay_ag,1616
superty,superty,2028,superty,1616
darkness_Pings,_theyvansh_,,me_devansh,1616
Boyiddha_,boyiddha,,boyiddha,1616
sujan804,xoxo_szn,,sujan804,1616
Nima10Khodaveisi,nima10khodaveisi,,nima10kh,1616
faith_connection,heisenberg_333,,anurag_333,1616
glitch1_57,glitchsin157,,abhisin1_57,1616
rajeshpanjiyar,rajeshpanjiyar,1104,rajeshpanjiyar,1615
prashant_08,prashant_08,1111,prashant_08,1615
Ahad_41,ahad.cse8.bu,1135,ahad_42,1615
_sthit,sthit,1135,sthit_123,1615
devil202,devil202,1189,devil202,1615
srijita,st97,1192,st97,1615
shivendra_101,shivendra_420,1238,shivendra_420,1615
monastic_baba,monastic,1287,sudama_code,1615
nikita1199,nikita1199,1420,nikita1199,1615
tushargupta2609,tushargupta.tg2609,1441,tushar2609,1615
nanda_8,nanda_8,,nanda_8,1615
THE_FALCON,the_falcon,,falcon_8_7,1615
Sakshis_1211,sakshiii2001,,sakshis_12,1615
D_dreamer,ddreamer,,its_new_me,1615
ashikarjen,ashikarjen,,ashikarjen,1615
Pulkit_Asri,,,pulkit_asri,1615
sayan02,sayanchowdhury02,,sayan02,1615
sark_01,,,sark_01,1615
kiranpalsingh1806,kiranpalsingh1806,966,kiranpal1806,1614
whatbruh,codespeed,987,codespeed,1614
pawan_12,pc29564530,1064,pawan_90,1614
sudha_7,sudhard007,1189,sudh_dhg_7,1614
Olium_MdioxideN,olium_mdioxiden,1212,ikramuloli,1614
Tiwarijee_1997,tiwarijee,1232,tiwari_1997,1614
tushar1042,be_humble,1252,tushar_4202,1614
error404_,error404_,1338,error404_,1614
chetan,chetan003,1370,chetan2002deva,1614
venomdipanshu,venomdipanshu,1446,venomdipanshu,1614
jackal_1586,jackal_1586,1639,jackal_1586,1614
thabetx,thabetx,1726,thabetx,1614
apurva9,apurva9,1728,apurva9,1614
s1lverfish,silverfish,,s1lverfish,1614
eramallaaravind,eramalaaravind,,aravind970,1614
jatinkumar_art,jatinkumar_art,,jatinkumar_art,1614
LOSER,bishu123,,bishu123,1614
class_bunker,class_bunker2,,class_bunker,1614
satyam411,satyam411,,satyam411,1614
neel19,neel19,,neel19,1614
chaitya_shah,chaitya62,,chaitya_62,1614
wmlster,wmlster,902,manik2000,1613
kapooryash713,yashkapoor26,979,noo_bxd,1613
Deepika_Khullar,deck123,1174,deck123,1613
e_h_p,e_h_p,1189,e_h_p,1613
howcum,howcum,1260,howcum,1613
ashish11,ashdim,1309,ashigup11,1613
sojal,sojal,1339,sojal,1613
Pptsagar,pptsagar,1339,pptsagar,1613
sumitaich,aich.1998,1411,hackhard2,1613
Prodeep,prodeep,,prodeep_40,1613
emtiaz_ahmed,_undefined_infinity_,,knight_01,1613
Samarth_jain,sam_jain,,mannu_26,1613
varadadesikan,varadadesikan1,,varadadesikan1,1613
adityad1998,adityad1998,,adityad1998,1613
Anshullahoti,mcbccc,,anshullahoti,1613
KLU,,,ymahesh_1969,1613
5836,,,ymahesh_1969,1613
RS14,rs14,,rs_14,1613
ypizarroza,ypizarroza,946,ypizarroza,1612
Keerthi_N,keerthi_nimmagadda,956,keerthi_1804,1612
akashgo_012,akashgo_012,967,akash_012,1612
mythio,mythio,1050,mythio,1612
tripathi_03,tripathi_03,1076,tripathi_03,1612
ujjal1,ujjal1,1226,ujjal_roy,1612
earth918,bhaskar9518,1247,bhaskar9518,1612
abhishek_jaiswal,abhishekjaiswal55236,1283,abhishek552336,1612
morsalin,morsalin,1299,morsalin,1612
shahchayan9,shahchayan9,1300,shahchayan9,1612
sirSpark,sirspark,1314,sir_spark,1612
result_123,harrypotter_421,1373,leeader_123,1612
Ankit_Kaul,ankit_kaul,1408,ankitkaul,1612
rushiprasad,rushis007,1410,rushiprasad,1612
incompetentCoder,a_modern_desperado,1617,moshiur_cse15,1612
chroot,chroot_,1669,chroot_,1612
dipesh_kohder,dipesh_kohder,,dipesh_kohder,1612
bansal_sidharth2996,bansal_sidharth1,,sidharthbansal,1612
iamdeepti,deeptisingh956,,iamdeepti,1612
danish23,danish23,,danish23,1612
mayank_75,mayank75,1028,mayank_75,1611
1.90E+08,1.90E+08,1058,sai_ravalika4,1611
arpavel,restart_2.0,1122,pavel01,1611
Aref111n,aref111n,1129,aref111n,1611
shivanshut105,shivanshut105,1179,shivanshut105,1611
anisha_kumari,creane,1196,creane123,1611
jazz_7,jazz_7,1216,jazz_7,1611
CodenameREBIRTH,codenamerebirth,1233,coderebirth,1611
parthh_99,parth_99,1234,parthh_99,1611
avikkundu,star.lord,1264,akundu55,1611
shubhang889,shubhang889,1334,shubhang889,1611
satyampandey,satyampandey,,satyamregex,1611
Krishi_Desai,crazycoder_1,,crazycoder_1,1611
Kazi_Tanjim_Shakib,kazi_tanjim_shakib,872,shakib053,1610
adityaraj4400,adityaraj1317,983,adityaraj4400,1610
vnm02,venom002,1006,vnom02,1610
kj957,kalashj93,1071,kalashjain,1610
aadityabansal2000,dark_phantom1,1202,iamaaditya2000,1610
Navin_Kumar,navin_kumar,1220,navin_kumar065,1610
ruhulaminrul,ruhul.hb,1273,ruhulrul,1610
Mahedi_H_Rif,mahedi_h_rif,1314,mahedi_h_rif,1610
itsmonayem,monayem_02,1333,monayem_ict,1610
samar,samar7d,1434,sam96611,1610
mayank_992,mayank_992,1616,mayank_992,1610
Lone_wolf_3112,lone_wolf_3112,1628,lone_wolf_3112,1610
aks_12345,aks_12345,1707,as56,1610
snigdho386,snigdho386,,snigdho386,1610
Ma7moud_7amdy,ma7moud7amdy,,ma7moud7amdy,1610
sycamorr_,sycamorr_,,tickler_,1610
adikajale_123,adikajale_123,,adikajale_123,1610
ayusharora21003,ayusharora21003,,aayush_2103,1610
jaid2907,jaid2907,,jaid2907,1610
IEC2020009_HKT,iec2020009_hkt,,hkt12345,1610
AayushMaheshwari,aayush_maheshwari,948,limitlesss_boy,1609
mandhan_63,mandhan_63,1143,mandhan_63,1609
vdmondkr,vdmondkr,1162,vedant2002,1609
Dhiren,dhiren_10,1237,dhiren_10,1609
shashwatssp,shashwatssp,1271,shashwatssp,1609
anshul1507,anshul1507,1455,anshul1507,1609
dhwaj_05,dhwaj_05,1495,dhwaj_05,1609
optimus_primev2,optimus_primev2,,daihan_mbstu,1609
daihan_mbstu,optimus_primev2,,daihan_mbstu,1609
Dusri_Aafat,utpalsrivastva,,dusri_aafat,1609
shanki,-wolfie-,,sinade,1609
gourav97,gourav-97,,gouravy15,1609
mrc_03,mrc_03,,raj03_coder,1609
NKnitish,nitishcs,,nitishcs,1609
john_philip,bjp4642,,bjp4642,1609
aman_pandey_ji,aman_pandey_ji,433,xaman1999,1608
_MPD_,t800dabi,752,dabi_tarun,1608
aashigupta165,aashigupta166,1079,aashigupta165,1608
Raisul191491,deathstream_omega,1105,raisul05,1608
Promi_iitju,promi_iitju,1128,promi_iitju,1608
Ismail_BSMRSTU,ismail_hosen,1181,ismailbsmrstu,1608
BAkhtar,bushra04,1183,bushra04,1608
Prajwal_H_D,prajwalhd_58,1266,prajwalhd_58,1608
KHShoaib,khshoaib1,1298,khshoaib,1608
Yash0404,yash_04k,1333,yashkhatwani04,1608
Raihan_Khan,escanor,1419,raihan_khan,1608
tommy_shelby,anish12345,1437,a_nish_gupta,1608
asif_the_great,asifthegreat,1481,asifthegreat,1608
Arima,tawsif_af_noob,,lelouch1998,1608
remon60,remon60,,remon60,1608
swampfire,abu138254,,swampfire_420,1608
Samee_Sevas,samee.sevas,,samee_sevas,1608
NineT8,ninet8,,nine_98,1608
adarshgaur,adarshgaur,,adarshgaur,1608
Akif_Azwad,akif_azwad,,akif_azwad,1608
1704046_SIHAB,sii-iab,,sihab_1704046,1608
wi7ard,wi7ard,,wi7ard,1608
sagorchowdhury,sagorchowdhury,,sagorchowdhury,1608
Mahadi_Rooman,mahadi_rooman,,mahadi_123,1608
hellooooo,sagar_srivastava_2001,,ss_2408,1608
imsuffi,imsuffi,,sufiyan133,1608
abhijit010,francis070,1092,abhijit010,1607
xogeetesh,moreofgeet,1145,xogeetesh,1607
tanve_er,tanve_er,1146,tanve_er,1607
NaveenKumawat,hunterr_196,1202,hunterr_196,1607
aniket_s_k,aniket_s_k,1326,aniket_s_k,1607
codetiger099,codetiger099,1402,zain_khan,1607
lykan2025,pklykan2021,,lykan2025,1607
meghdoot,no0nehearsusbutthesky,,dhopal,1607
gyanjd,gyanjd,,gyanjd,1607
sajeedreefy,sajeedreefy,,sajeedreefy,1607
SOnu21,ishankr21,,ishankr21,1607
faizsheikh25,,,faizsheikh_25,1607
pratickkkk,prateekshakya,726,prateekshakya2,1606
maurya109,h-maurya,1009,mauryah109,1606
shubham981,shubham981,1050,shubham981,1606
1598,rayhan_,1080,rayhan_iu,1606
Talha01521569361,accepted_-_-,1152,talha12345,1606
pranav1007,pranav1007,1152,pranav1007,1606
drizzy,drizzy,1223,bazuuka,1606
cpragadeesh,cpragadeesh,1446,cpragadeesh,1606
helsinki2103,frostbyte2103,1459,helsinki2103,1606
HeNeos,ptolemy_314,1623,heneos,1606
pro_30,pro_30,,pro_19,1606
_Utsav_85,_utsav_85,,utsavvasoya85,1606
abhijithkvs17,abhijithkvs17,,abhijithkvs_17,1606
Vesko,vesito,,vesko,1606
LoveALPHA,siddhakiller,,vishal_043,1606
abhisheka950,abhisheka950,916,abhishek9500,1605
vikram_saini,vikram110703,1178,vikram110703,1605
johaer_wasif,calyx,1183,johaer_123,1605
Himanshuteli,himanshuteli,1217,himanshuteli,1605
_anujkirodia,_anujkirodia,1224,anujkirodia,1605
sudheerays123,dheeruys,1311,sudheerays123,1605
Blanzer,blanzer,1374,blanzer,1605
cc15,cc15,1449,cc15,1605
mann_27__,mann_27__,1471,mannshah1999,1605
codifica_amante,piyu_aman,1473,amanalex,1605
king_odysseus,king_odysseus,1501,anchit17,1605
kapil632,kapil4161,1531,kapil4161,1605
Franco1010,franco1010,1593,franco1010,1605
_pradhanboy_,pradhanboy,,pradhan_boy,1605
Vikas_Thapliyal,vikas_thapliyal,,viki0071,1605
Stealth_py,stealthgamer,,nemes1s,1605
srujan_bharadwaj,geek23,,geek23,1605
Pratyush_Gupta,sunrise_tech,,sunrise_tech,1605
kkvanonymous,kkvanonymous,,kkvanonymous,1605
idkrohit01,idkrohit01,,idkrohit01,1605
SatyakiDas,anonymous65637,1148,dassatyaki,1604
ashibh,ashibh,1207,ashb21,1604
sumbulkaynat,sumbulkaynat,1325,sumbulkaynat,1604
rohit_s_singh,rohits.singh,1332,rohitshekrsing,1604
avij33t,deadcoder,1408,bongchong1,1604
nepo_ian,amanpatel23,1424,amanpatel23,1604
sandeepmandal415,sandeep415,1426,sandeepmandal4,1604
binarybeast880,binarybeast880,1633,roy_2001,1604
rr_manish,rr_manish,,rr_manish,1604
ashutoshjv661,ashutoshjv661,799,ashutoshjv661,1603
jatin8898,jatinrajpal57,950,jatin8898,1603
ABHAYSINGH,singh_,1028,thakur249,1603
arpit_pandey,arpit_pandeyy,1114,arpit_pandey,1603
shishir_roy,shishir_roy,1132,shishir_roy,1603
daksh_g123,daksh_g123,1206,daksh_g123,1603
ariful_,propeller,1227,anik165279,1603
RupeshKumar_121,rupeshkumar_121,1272,rupeshkumar29,1603
Aniket_K,aniketkshirsagar,1361,aniket21k,1603
bhonesh1998,bhoneshchawla,1377,bhonesh1998,1603
Faisal_faisu,faisal_faisu,1524,faisal_faisu,1603
Mohammad_SR,mohammad_sr_,,mohammad_sr,1603
coding_octopus,coding_octopus,,ankit_497,1603
sachin4446,sachin4446,,sachin4446,1603
IICarnageII,o_orz_o_o,,demon4597,1603
digvj1994,,,digvj94,1603
littleinfinity,littleinfinity,,littleinfinity,1603
Aniket_K_,aniketkshirsagar,,aniket21k,1603
grand_warden,,,shrikantbadri,1603
yashlalpotu30,yashlalpotu11,839,yashlalpotu30,1602
nikhil97645,nikhil97645,1066,nikhil97645,1602
shovon26,shahriyar,1097,shovon26,1602
aniket212,aniketrajani48,1160,aniket212,1602
somilgarg181,somilgarg181,1179,somilgarg181,1602
HarshalPamecha,harshalpamecha3,1209,voldemort007,1602
_ishita_29,_ishita_29,1464,ishita_29,1602
hsk,hsk,1685,harkirat96,1602
alshahreyaj,alshahreyaj,,alshahreyaj,1602
kumaarbalbir,kumarbalbir,,balbirprasad,1602
studanurag69,itsmeanurag,,studanurag69,1602
jitendra_sharma,,,jks9536097795,1602
code_saavan,code_saavan,,code_saavan,1602
Anmol270900,anmol270900,,anmol270900,1602
hemant2742,hemant2742,,hemant2742,1602
sanidhya10628,sanidhya10628,1081,sanidhya10628,1601
mrgaurav5643976,mr.gaurav5643976,1126,gaurav1700010,1601
eshtiak_hasan,eshtiakhasan,1159,eshtiakhasan,1601
Radif_041,radif,1186,radif_041,1601
AT_LEGEND,at_legend,1190,atlegend,1601
Sharp_quagga,sharpquagga,1204,sharp_quagga,1601
rishabh303,rishabh303,1229,rishabh303,1601
cs_shubham99,cs_shubham99,1241,cs_shubham99,1601
aasthasingh650,aasthasingh_,1321,aastha_singh_,1601
jasse,jasse,1520,juyana_054,1601
astha_sharan,astha_sharan,1608,astha_sharan,1601
father3301,father3301,1642,cicada1529,1601
Akshat15,father3301,1642,cicada1529,1601
shangtai,shangtai,,shangtai,1601
KingSlayr,king_slayer_imt,,a_n_k_i_t_,1601
SaurabhVS,saurabhvs_2307,,saurabhvs_2307,1601
EmnAs_PW,emnas_pw,,emns_pw1,1601
ayush1899,ayush1899,,ayush1899,1601
cpc_27,cpc_27,,cpc_27,1601
eragon,eragon9,,eragon9,1601
Anushkag_21,anushkag_21,1046,anushka0504,1600
the_pritisher,code.red,1060,the_pritisher,1600
SnehaKumari,sneha_kumari,1185,sneha_kumari3,1600
diyajaiswal11,diyajaiswal_11,1261,diyajaiswal11,1600
akshat2604,akshat2604,1262,akshat2604,1600
blank22,blank22,1309,blank2,1600
sindhuja_ponnuru,sindhuja_ponnuru,1411,sindhuja_nika,1600
RubenRETM,rubenretm,1539,ruben27,1600
Hillol_Talukdar,hillol_talukdar,,hilloltalukdar,1600
av1502,av1502,,ayushverma15,1600
at311,not_that_guy,,not_that_guy,1600
BrunoTissei,brunotissei,,brunotissei,1600
maan,dino_maan5,,dinu_maan5,1600
sudhi7,sudhikshamalla28,1034,sudhi7,1599
Atiqur_Rahman,atiqur_rahman99,1038,atiqur99,1599
Savanitapan17,soul_of_god,1067,savanitapan17,1599
bhargav_patel,bhargavpatel,1118,bhargav_1504,1599
fahmid07,fahmid07,1164,fahmid07,1599
Nowshin_S,nowshin_s,1250,nowshin_s,1599
mayank_mj,mayank_mj,1263,mayank_mj,1599
noob_cdr,noob_cdr,1294,noob_cdr,1599
Nahidswe,nahidswe,1306,nahids,1599
NL_123,_neel_,1388,neel_23007,1599
nileshjha19,nileshjha19,,nileshjha19,1599
ifahim100,_ifahim1000_,,ifahim100,1599
saket1612,saket1612,,saket1612,1599
parshuram_84,parshuram_84,,parshuram_84,1599
spooderman_x,spooderman_x,872,spooderman_x,1598
Nayan2608,ramani09,877,mrramani26,1598
madhav154,madhav154,1205,madhav12,1598
QuwsarOhi,quwsarohi,1219,quwsarohi,1598
amit_fallen,amit_fallen,1268,amitbhatt_1996,1598
Nahian_fahim,nahian_fahim,1349,fahim_27,1598
anmit007,anmit007,1426,anmit007,1598
barnwal11,barnwal11,1490,barnwal11,1598
da_201501181,da_201501181,1592,da_201501181,1598
Mr_Frodo,mr_frodo,1592,arther_shelby,1598
mukesh_g7,mukesh_g7,1622,mukeshg_7,1598
cdr,,,atul_61,1598
akgarhwal,akgarhwal,,akgarhwal,1598
Anuj,foxface_ap,,foxface_ap,1598
shikhar_may7,shikhar_may7,,shikhar_may7,1598
gauravsingh9356,gs935688,,iamgs75,1598
apurv98,apurv98,,apoorv_8669,1598
Leofierus,leofierus,,leofierus,1598
sandywadhwa,sandy.wadhwa,,sandeepsajiru,1598
y_shelby,y_shelby,,y_shelby,1598
naman3796,naman_3127,975,nk_7132,1597
maruf_rahad,maruf_rahad,1123,maruf_rahad,1597
b_pritam,b_pitam,1181,bpritam,1597
manish_109,manish_109,1229,manish_109,1597
arnavagyea,arnav_agyeya,1310,arnaagyeya,1597
ahmeteren,ahmeteren,1404,ahmeteren,1597
Magic105,magic105,1469,magic105,1597
code026,code026,1784,arjitarora26,1597
adityasamantaroy,adityasamantaroy,,wolvieas,1597
jaysudani,jaysudani,,jaysudani,1597
Rohit_67,rohit67,,rohit67,1597
sdfadf,ketan_mehta,,ketan_mehta,1597
ghost63,aditya.ishan27,908,ghost_pilot,1596
sum21,soumyamehta21,1053,sum21,1596
PY_2804,y_piyush9415,1060,ypiyush9415,1596
deepak_7336,rest_api,1116,deepak_7336,1596
harsh_8789,pkp_2502,1288,harsh_8789,1596
nafis,musanna_nafis,1290,musanna_nafis,1596
SajidAbdullah,sajidabdullah,1361,lawliet11235,1596
mrmohim,mtmohim,1422,mtmohim,1596
abhay786_20,abhay786_20,,abhay786_20,1596
ikaadil,ikaadil,,ikaadil,1596
alphatheta,onelasttime,,salmandotexe,1596
MR_AXIS,mr_axis,,mraxis,1596
EmON_J,dihaj,,emon_hossain,1596
vishal00923,vishal00923,,vishal00923,1596
riya_127,rb_127,,riya_127,1596
t_a_f,yoyoyoyoy000y000,,tvirussust,1596
Harsh_27,harsh_27,,harshm99,1596
Manshi,manshi,,shibbo_14,1596
harshitparsai3,harshitparsai3,,harshitparsai,1596
1NST1G8R,1nst1g8r,966,krish_612,1595
akvs,akvs,1018,akvs,1595
Ambesh_27899,incognito_is_running,1069,ambesh_27899,1595
exception420,exception420,1076,exception420,1595
Samyakjn57,samyak57,1272,samyakjn57,1595
Kaivalyamani,kaivalyamanit,1283,kaivalya004,1595
aman3480,aman3480,1470,aman3480,1595
dixith417,dixith417,,dixith417,1595
navdeep1469,noobita00,,noobita00,1595
anamika5,_anamika,,anamika1844,1595
aditya060,aditya060,,aditya060,1595
charu12,charu12,,charubansal12,1595
monu9401,monu9401,982,monu9401,1594
i_ravi,i_ravi,985,i_ravi,1594
monjurul0007,monjurul0007,1077,monjurul0007,1594
Heartless,heartless.,1423,arpitmishra,1594
Xorawar,xorawar,1643,marcos_,1594
Xephy,Xephy,1672,AldiarAbdr,1594
Nahid,nah1d,,nocturnal_nh,1594
Ramsai_5A1,ramsai_5a1,,ramsaicrony,1594
ShridharGoel,shridhargoel,,shridhargoel,1594
kamlesh012,kamlesh012,,kamlesh012,1594
arpitgupta,alphawizard,,arpitg315,1594
roshni__,u1804003_roshni,,xenovia_3,1594
nikhil_2001,nikhil_2001,,nikhil_2001,1594
Tofsir_IU,tofsir_iu,,tofsir75,1594
aru_987,aryashahi,,arya987,1594
kash424,koulick424,1324,koulick424,1594
Astream26,avi2601,939,galaxy26,1593
ashish_burdak,abpk,1046,ashishburdak,1593
arundeepak,nothing2lose,1073,arundeepak,1593
aman304gupta,aman304gupta,1297,aman304gupta,1593
coder_xxx,coder_xxx,1383,owaish,1593
king_kapoor,kaushal_kk,1407,kaush_089,1593
pranavkumar14,pranavkumar14,1440,pranavkumar14,1593
jabed_iqbal_joy,jabed_iqbal_joy,,jabed_iqbal_jo,1593
Shreyansh_02,shreyansh_sinha,,shreyansh2,1593
the_WINDY_God,the_windy_god,,rnishant97,1593
swetakyada,swetakyada,,swetakyada,1593
navi_25,navi_25,,navi2564,1593
pratik229,pratikvvs,830,pratik_vartak,1592
palakkotwani22,pgk,843,palakkotwani22,1592
suaeb_ahmed,suaeb_ahmed,1090,suaeb_ahmed,1592
sukhpreet2021,sukhpreet,1096,sukhpreet,1592
bhushan_kale,bhushan_kale,1118,bhushan_kale,1592
prabhat236218,prabhat236218,1147,pra236218,1592
Divyansh_Garg,divyansh__garg,1150,divyanshgarg97,1592
sanam24,sanam24,1189,sanam24,1592
Robin008,robin008,1189,ridzz007,1592
Sifat22,benew,1247,sifat22,1592
eesah_ydv,eeshaydv,1249,unknown_167,1592
piyush_15026,piyush1146115,1461,piyush_15026,1592
shashank96,shashank96,,shashank96,1592
ankurparihar,lumia_lover_730,,ankurparihar,1592
drSehgal,hritik_2,,hritik_2,1592
goyalpratik807,goyalpratik807,,goelpratik345,1592
shreyans_9950,shreyans_9950,1066,shreyans_9950,1591
mystic1,mystic_1,1124,mystic_1,1591
Ninja_vai,ninja_vai,1187,hm_mohsin_iu,1591
Anaxraf,anaxraf,1206,anaxraf_35,1591
as181113038,as181113038,1292,as181113038,1591
Gravity,xracer108,1449,xracer108,1591
xracer108,xracer108,1449,xracer108,1591
dbs_mnnit,dbs_mnnit,1460,username_1803,1591
Talha76,mushfiq_talha,1541,talha76,1591
WA_TLE,ragnar02,,hasebul_hassan,1591
tutjae,tutjae,,ashishtuteja,1591
Om_Kawatgi,omkarkawatgi,,khalnayak420,1591
shivasaipasham,shivasaipasham,971,shivasaipasham,1590
sidv0910,sidv0910,992,sidv0910,1590
ranadip_01,ranadip_01,1013,bob_99,1590
sayang992,sayang992,1181,sayang992,1590
yash457,yash457,1205,yash457,1590
abhishekmittal964,abhishekmittal964,1333,abhi964753,1590
static_404,static_404,1366,static_404,1590
shanks,ayushnegi18769,1398,mihawk_zoro,1590
Fukutsu,fukutsu,1625,ajaykumarmehra,1590
Imtiaz_rafi,imtiaz_rafi,,imtiazrafi,1590
ap13o3,ap13o3,,ap1303,1590
ritesh_gupta97,ritesh_gupta97,,ritesh_gupta97,1590
grv0908,grv0908,,grv0908,1590
KvaCh,kvachashiro,,ashirokvach26,1590
santanu29,santanu29,894,santanu29,1589
thriver_652,thriver_652,946,sai_praneeth5,1589
sanketpathak64,sanketpathak64,993,sanketpathak64,1589
anushka_meera01,_anumshka,1030,anushka_pathak,1589
pyxiss,pyxiss,1062,pyxiss,1589
abid_206,pyxiss,1062,pyxiss,1589
masterpranay,masterpranay,1090,masterpranay,1589
ag_bsmrstu,anup_g,1094,anup_ghosh,1589
vijay_99,vijay_24,1114,vijay_2k20,1589
vijay_90,vijay_24,1114,vijay_2k20,1589
abutasneem,abdullah_abu_tasneem,1119,lucifar1900,1589
Shubhamsemwal,shubhamsemwal45,1158,shubhamsemwal,1589
dyominov,dyominov,1294,dyominov,1589
mahfuj02,mahfuj02,1410,mahfuj02,1589
sourovsrv,batikromisourov,1481,sourovsrv,1589
bgokulravi1999,gokulravi,,gokulravi,1589
coder0687,coder0687,,coder0687,1589
Sensible_Prat,cryocoder,1132,cryocoder,1588
anchit00004,anchit00004,1197,anchit00004,1588
ro229,perdedor,1250,ro229,1588
anjali7992,anjali7992,1283,anjali7992,1588
sayeed1999,sayeed_1999,1311,sayeed_1999,1588
sayeed_1999,sayeed_1999,1311,sayeed_1999,1588
paradox64ce,mayankkumar2061,,paradox64ce,1588
Blue_tie,sristi_shah,,blue_tie,1588
nitin_codr,nitin_codr,,nitinporwal,1588
siddartha19,siddartha19,,chandu519,1588
DevUt,devut,,devut,1588
Yash_N,yash_n,,yash_n,1588
sakethsriram19,sakethsriram19,,sakethsriram19,1588
elliot97,arnavks97,1166,da_201501236,1587
ashutosh1729,ashutosh1729,1194,ashutosh1729,1587
krishna1feb,krishna_agarwal,1209,krishna_1feb,1587
rokan_uddin,rokan23,1229,rokan1023,1587
the_master1,puneet_dgreat,1305,the_master1,1587
Shubhams03,shubhams03,1373,shubhams03,1587
sam96,sam96,,sam96,1587
royboylab,royboylab,,royboylab,1587
Iqbal_mahmud,alpha_29,,alpha_cse18th,1587
sanjit_15,sanjit_15,,sanjit_15,1587
shigo198,shahil198,,shahil198,1587
tejvirus0003,,,tejvirus0003,1587
Quantiko_kush,rahulsingh21247,816,quantico_kush,1586
sanskar_saraf,sarafsanskar468,821,sanskar_kumar,1586
schnell_31,schnell_31,1008,schnell_31,1586
cRuSaDeR,crusader,1045,pranav_08,1586
drkspark,drkspark,1066,drkspark,1586
Ishita18,ishita1802,1071,ishita1802,1586
qwerty29,qwerty29,1075,qwerty29,1586
ayush_agarwal,ayush_agarwal,1105,ayush_agarwal6,1586
codersaty,codersaty,1137,codersati,1586
AbhinavKasana,abhinav_2217,1153,abhinav_2217,1586
sajin10,sajin10,1179,sajin10,1586
md1844,md1844,1204,bng442,1586
Vansh1610,vansh1610,1239,vansh16100,1586
AdityaJha,adityajha,1254,adijha2905,1586
Sakib_62,sakib62,1293,sakib62,1586
OptimusOP,codestein,1301,codestein_0_0,1586
RubayedMunna,ghorar_dim_,1394,munna_370,1586
navodit99,wjexmrc,1641,minimixer,1586
milderhc,milderhc,,milderhc,1586
priyanshjha99,priyanshjha99,,priyanshjha99,1586
coding_priest7,coding_priest7,,coding_priest7,1586
rummansadik,rummansadik,,rummansadik,1586
Sakshi_2701,sakshi12,,sakshi_mandloi,1586
silvereyelid,silvereyelid,,palak1410,1586
vikram,,,vikram777,1586
Madhvan,the_mad1,,madhvan28,1586
soumyas21,soumya21,940,soumyas21,1585
Lamas,soumya21,940,soumyas21,1585
inflame,inflame,1034,inflame,1585
lokesh999,lokesh999,1121,lokesh999,1585
SPS,sps101,1139,sps108,1585
kumararun8202,arunkumar8202,1181,arunkumar8202,1585
ajay_jeena,ajayjeena,1192,ajay_jeena,1585
gkm01,gkm01,1195,gkm01,1585
guptahimalay99,guptahimalay99,1617,guptahimalay99,1585
ziddi,ziddi,,ziddi15,1585
Chitra_Singla,chitra_singla,,chitra_singla,1585
byrtho_kobi,byrtho_kobi,,byrtho_kobi,1585
rahulrangi,rahulrangi18,,rahulrangi18,1585
akash24,akash24,,akash_asthana,1585
lazy_lad007,lazy_lad007,,aka_yash007,1585
khushi18,annabelle_,,chocolates,1585
sriya1242,sriya1242,953,sriya42,1584
watch_it,watch_it,986,watch_it,1584
Prodip,nothing36,1005,nothing36,1584
Siddharth6780,siddharth6780,1254,siddharth6780,1584
meetamin,meetamin,1492,meet351,1584
vraxzeztan,anusar,1522,anusar,1584
suvrajit,suvrajit,,suvrajit123,1584
Diablo_blanco,diablo_blanco,,sabbir03,1584
mahbubhasanmht,mahbubhasanmht,,mahbubhasanmht,1584
the__martian,themartian0x48,,martian_7,1584
midu_01,midu_01,,midumojumder,1584
BaljotSingh,baljotsingh,,john_0206,1584
sreehari18,harrypotter18_2021,,sreehai_1234,1584
anish5256,anish5256,,anish5256,1584
hardik24k9,hardik24k9,1101,hardik24k9,1583
AGcodes,its__aman,1113,aman7267699,1583
pinakipb2,pinakipb2,1120,pinakipb2,1583
kamrul13981,khsujon,1169,kamrul13981,1583
bhoomi,gupta_bhoomika,1174,bhoomika0507,1583
Tamim028,tamim028,1361,tamim028,1583
linkenvashistha,linken_vashistha,1386,linken_13,1583
rifat_ikbal,iamrifat,1423,rifat_ikbal,1583
iAmrifat,iamrifat,1423,rifat_ikbal,1583
bishworup11,bishworup11,1530,bishworup11,1583
akasian_1998,akasian_1998,1575,akasian_1998,1583
k_sudharsan,k_sudharsan,1831,k_sudharsan,1583
ShamsAhnaf_Rafid,rough_id,,rough_id,1583
v_i_sh_a_l,vishalaggarwal372,,v_i_sh_a_l,1583
knakul853,knakul_853,,knakul853,1583
gauravgb21,the_halfbloodprince,,sharmagaurav78,1583
vishal03121,vishal03121,,vishal03121,1583
FIAS_tHe_LosEr,sr_saif,,saifnstu,1583
KunalSinghLohiya,kunalsinghlohiya,861,ksl_2000,1582
sharmahimanshu65018,sharmahimanshu65018,891,himanshu_65018,1582
pk_singh21,pk_singh21,956,prateeks015,1582
jatindscl,jatindscl,984,jatindscl,1582
Abhishek_Thakur,abh1shek_t,1026,fiero23,1582
Bhawani_1009,bhawani0910,1096,bhawani_1009,1582
vk20july,vk20july,1162,vk20july,1582
rishu10042002,rishuraj097,1212,rishu10042002,1582
skand,skandgupta02,1296,skandgupta02,1582
akshith6212,akshith6212,1325,akshith6212,1582
manoj09,manoj9april,1546,manoj9april,1582
newtonsapple,anikdeyshaon,1654,anikdeyshaon,1582
ssohan,ssohan,,ssohan,1582
vimal1711,,,vimalkumar17,1582
rahul_2310,rahul_2310,826,rahul_2310,1581
underdog_35,underdog_35,904,sarim2000,1581
shruti_234,shruti_234,924,shruti_234,1581
light9,light19,1042,light9,1581
dontdude,dontdude,1210,dontdude,1581
pbhatu,pbhatu,1385,pbhatu,1581
Shree_111,shree_01,1475,sra_666,1581
AdiMall,adimall,1483,adi_mall2522,1581
deepanshujain1999,deepanshu-jain1999,1484,jain_depu,1581
mahfuz_alam,mahfuz_alam,1561,mahfuz_alam,1581
sina_5,sina_5,,sina_5,1581
siddharth_9817,siddharth_9817,,siddharth_9817,1581
at,,,atulav,1581
pankaj4197s,,,pankaj4197s,1581
striver_01,striver_01,910,striver_01,1580
coderboy,coderboy_,950,honesthacker,1580
madCoder51,zahidhasanmozumder,1095,madcoder51,1580
mnarulacodes,wittykitty,1102,aluran_retnuh,1580
anujkumar,anujkkumarsingh,1166,anuj_101,1580
anuj1235,anuj123321,1230,anuj234,1580
rresol,madslayer,1239,irresolute,1580
ltomic,ltomic,1652,ltomic,1580
shadman65,shadman,,shadman65,1580
nitish3259,n-i-t-i-s-h,,nitish3658,1580
indrajeetgupta34,indrajeetgupta34,,indra_matrix,1580
SharmaJii,sharma_jiiii,,kshitijsh2604,1580
Adityakatiyar,,,ashukiller,1580
avinashkr2851,thaakur_,,thaakur_,1580
hansen_dollar,adithya_,359,adithya_v155,1579
deytulsi18,deytulsi18,736,deytulsi18,1579
mk_mohtashim,mk_mohtashim,997,mohtashim_mk,1579
madhav_maheshwari_2000,madhav_2000,1034,madhav_2000,1579
Medha_balani,medha_balani,1036,medha_balani,1579
nk20422,nk20422,1228,nk20422,1579
Desh_Chowdhury,deshchow.00,1266,desh_chowdhury,1579
u1904103,prantiq_103,1439,u1904103,1579
asc123,asc123,1644,ultrainstinctz,1579
soham1192k,carrot,1769,soham1192k,1579
amit_cse,amit_sk,,kishor_98,1579
sg1192k,carrot,,soham1192k,1579
Hanzzz07,hansifpp,,hansifpp,1579
bakya,,,kesurswapnil,1579
roveryashu,duke_controller,,yashpal159,1579
Taalpatar_Shepai,mr_sohel,972,mr_sohel,1578
suchit_07,suchit_07,1039,suchit_07,1578
Bishwanath,bishwanath,1072,bishwa_nath,1578
gourabs622,phoenix_gs,1076,gourab_santu,1578
karan_chawla98,karan_chawla,1242,karan_chawla12,1578
DKN_XAM,xambert,1263,xambert,1578
singhchandan_374,singhchandan374,1299,singhchandan37,1578
Saisrujan18,cs19b043,1386,srujan_183,1578
explorer_958,explorer_958,1563,explorer_958,1578
vivek_reddy,vivek_reddy,,vivek_reddy,1578
RajSharma,sharmaraj22211,,rajsharma123,1578
Iron,priyanshugarg219,,priyanshu219,1578
abhi1145,abhi1145,,abhi1145,1578
maruthi12,maruthi12,909,maruthi12,1577
mozammil123,mozammil123,982,mozammil_123,1577
jilane,_jil__,990,jilane_354,1577
Charan,msd_007,1125,msd_007,1577
1704037_MOIN,moin,1135,moin_1704037,1577
MOIN_1704037,moin,1135,moin_1704037,1577
rohit_7,rohit_7,1149,rohitm_7,1577
AR_coder,ar_coder,1172,ar_6258,1577
shravni_21,shravni_code,1185,shr_ni,1577
bloodofdragons,blood_of_dragons,1188,bloodofdragons,1577
ishraqfatin7,ishraqfatin7,1223,ishraqfatin7,1577
known_to_persist,consistent_striver,1223,kj2098,1577
akashghadge,akashghadge,1255,ashghadge,1577
a_rahman,a_rahman,1322,a_rahman,1577
tanya__,tanya__,1429,tanya_singh28,1577
siddharth,sid271101,1473,sid_2711,1577
tihorsharma123,tihorsharma123,,tihorsharma123,1577
prateekbajpai,,,prateek_bajpai,1577
g4gautam22,garggautam75,,gautam_4127,1577
sammickk,sammickk,,sammickk,1577
taj1999,,,taj1999,1577
rohan15397,ghostzen,895,ghostzen,1576
SandeePro,j_san,966,j_san,1576
mudit0712,mudit0712,1006,mudit07,1576
linton_dawson,linton_dawson,1104,linton_dawson,1576
mdnehal,nehal123,1138,mdnehal,1576
tahmidarefin,tahmidarefin,1181,tahmidarefin,1576
a_shrimali_19,a_shrimali_19,1242,shrimali_19,1576
shriamrut14,sviyer,1307,shriamrut,1576
shuvojit,shuvojit,1415,shuvojit,1576
ahujaanmol1289,ahujaanmol1289,1422,ahujaanmol1288,1576
crazycreed,crazy_creed,1424,rishabh3321,1576
iletavcioski,iletavcioski,1843,iletavcioski,1576
ashraf_pavel,apocalypto,,ashraf_pavel,1576
arpit_mittal,arpit.mittal,,arpit_mittal,1576
kashita,kashita,,kashita111,1576
ml_coder,ml_coder,,kumarranjan200,1576
JeetSharma,jeetsharma,,jeet_sharma,1576
sir_suspicious95,sir_suspicious,1068,sanket2055,1575
pruvi007,pruv007,1140,pruvi007,1575
someone,kunal_1388,1145,kunal_1388,1575
rohanchandra,rohanchandra,1145,rohan_parv,1575
mandy3105,nani310,1213,nani310,1575
nasablackberry,nasablackberry,1250,nasablackberry,1575
jeet,amitrajitbose,1267,amitrajit_bose,1575
harpreet,harpreetmehra,1437,harpreet1205,1575
kishoreganesh,kishoreganesh,1576,kishoreganesh,1575
1711shashank,1711shashank,,shashank1711,1575
saurabhnewatiya,saurabhnewatiya,,saurabh_1901,1575
rosudel,tiktak2,,rosudel,1575
abahad7921,abahad7921,698,abahad7921,1574
guptafactory,guptafactory,865,guptafactory,1574
im07sdguin,im07soumyadeep,927,im07soumyadeep,1574
saheel21,saheel21,936,saheel21,1574
divyanshu04,divyanshumittal,1007,divyanshu04,1574
ayushkr667,ayushkr667,1010,ayushkr667,1574
Introvert_77,shubhashish7,1165,hello_love,1574
aditya9125,aditya9125,1173,aditya0022,1574
archits581,archits581,1176,archits581,1574
shanu5544,shanu5544,1233,clanx7,1574
Crimemaster007,crimemaster007,1245,crimemaster007,1574
Karan2116,karan2116,1460,kk_pheonix,1574
kyonrevens,kyonrevens,1875,kyonrevens,1574
MdShafiqul_saymon,saymon_83,,saymon_1904083,1574
sazal24_7,sazal_cf,,sazal24,1574
madhueshk3,masked_huh,,madhukeshk3,1574
pplo_123,pplo_123,,pplo_123,1574
filthynoya,filthynoya,,filthynoya,1574
saurabh8522,saurabh8522,,saurabh8522,1574
ryan786,ryan786,,ryan786,1574
dhikshith12,dhikshith12,,dhikshith12,1574
shashank_23002,shashank_23002,,shashank_23002,1574
yashkatiyar123,yashkatiyar,,yashkatiyar007,1574
matrixone,matrixone,,matrixone,1574
meetbhanu,meetbhanu,826,meetbhanu,1573
pritishnagpal,pritishnagpal,1116,goalkicker,1573
de_santa,de_santa,1150,de_santa,1573
corleone7,corleone31,1355,corleone_1,1573
pk_0205,newbiemaster,1459,prashant_0205,1573
rafsan_rana,rafsan_rana,1637,rafsan_rana,1573
james007,james007,2116,korneev,1573
sh0w_st0pper,sh0w_st0pper,,sh0w_st0pper,1573
vai53,vai53,,vai53,1573
h1ashdr@gon,,,h1ashdr@gon,1573
hows_yu,its_just_me,,its_just_me,1573
Rakibul_islam,rakibul_islam,,r_a_k_i_b_u_l,1573
Nikkkhilshinde,nikkkhilshinde,,nikkkhilshinde,1573
shreyansh252001,,,shreyansh2510,1573
as_17,sahai17,915,as_17,1572
2.01E+09,h2010030361,1058,h2010030361,1572
osho_garg,osho_garg,1062,osho_garg,1572
tommypranay,tommypranay,1126,tommypranay,1572
CoderM,-coderm-,1148,coderm,1572
kumarmapanip1,kumarmapanip1,1201,kumarmapanip1,1572
hello_world_34,_milon_3.4,1248,milon34,1572
chikzz_2001,chikzz,1267,chikzz_2001,1572
Clu3l3ss,clu3l3ss,1799,clu3l3ss,1572
sim3995,sim3995,,sim3995,1572
BIJOY_SUST,bijoy_00_,,bijoy_sust,1572
cs_abhi,cs.abhi2000,,cs_abhi2000,1572
wina2602,win_2602,,wina2602,1572
vaibhav_singh,rajput00-11,,rajput00111,1572
tusharpatni01,jaintushar19,853,tusharpatni01,1571
kumarswaraj16,kumarswaraj16,972,kumarswaraj16,1571
Mr_Nilesh2517,nileshbhutda25,1029,nileshbhutada,1571
yellow_flash07,aniruddhadeshmukh2201,1050,aniruddha2201,1571
valak_,valak_70-1,1129,valak_69,1571
COunTLoStSOuL,deadbullfrog,1148,viper_28,1571
dev_m_i,chakshu_gupta,1327,dev_13_61,1571
snikithasiddavatam,snikithasid,1338,snikithasid,1571
mrd_00,dalvimangesh000,1338,mrd_00,1571
mehul_golania,mehul13,1704,mehul_golania,1571
aquarius31,aquarius31,,aquarius31,1571
sravangorati2001,sravangorati2001,,sravan_114,1571
weirdoNormie,andromeda758,,blacksnake,1571
dalvimangesh000,dalvimangesh000,,mrd_00,1571
yashdhiman,786yashdhiman,859,yashdhiman,1570
Shuhan_Ahmed,shuhan_ahmed,958,shuhan_ahmed,1570
touhid,touhid19,1176,touhid19,1570
Priyanshu_Tiwari,priyaanshut,1344,priyanshu88064,1570
pandey_alok,alok_2k19,1365,alok_2k19,1570
Gokohan,gokohan,1440,gokohan,1570
ahoraSoyPeor,ahorasoypeor,2188,rocktru2000,1570
Tasfia,tasfia_13,,Jun-13,1570
Ishmam_Rahman,imomi_kingofpalindrome,,ishmam_rahman,1570
hydrO7gen,hydo7gen,,hydr07gen,1570
purujain099,purujain099,,purujain099,1570
bharasagarn,huhh,,bharasagarn,1570
unknown_learner,kuru.patel,,kurupatel,1570
asib_hasan,asib148,804,asib_hasan,1569
modest_aryaman09,modest_aryaman09,894,devilamgs,1569
jawed_byte,jawed-byte,982,equbal_byte,1569
akschaturv,akshay.chaturvedi.1997,1072,akschaturv,1569
shaswatkumar362,shaswatkumar362,1237,theinfiniteboy,1569
imTroy,troy,1290,roy_siu,1569
tanu38,tanu38,1313,tanu38shree,1569
manish,manishjha221,1329,manishjha221,1569
subhash10,subhash.yadav,1369,subha10,1569
Kushagra,kushagrakumar.227,1383,kushagra_227,1569
manmeet17,meetutarun16,1384,manmeet17,1569
codermehraj,codermehrajbd,1513,codermehraj,1569
shoryajainalg,sj99,1680,shoryajainalg,1569
surya2196,spectrums,,surya1296,1569
Go_counting,rpkagoswami,,rishabh1122,1569
Conero007,conero007,,conero007,1569
musa_cse12,musa.cse12,,musa_cse12,1569
zeal_coder,hemanth_raj,868,rajjappa_2001,1568
mosharrof,mosharrof13,881,mosharrof8413,1568
pritamlad,pritamlad_,906,pritamlad18,1568
Ravi_the_one,ravitheone,913,ravitheone,1568
quarkeby3,quarkeby3,968,quarkeby3,1568
exeshark,exesharkx,1184,exeshark_x,1568
nitishcs414,nitishcs414,1187,nitishcs414,1568
DibyaRB,Insanious,1252,dibya1rb12_3,1568
pranta47,pranthor,1265,pranta47,1568
atulanand206,atulanand206,1272,atulanand206,1568
tanav,tanav,1526,tanav,1568
Prixfiesta,prixfiesta,1797,prixfiesta,1568
portgas_d_sam,portgas_d_sam,,portgas_d_sam,1568
nostradimus,nostradimus,,nostradimus1,1568
tlsr,_tlsr_,,tlsr,1568
yolo86,yolo86,,yolo86,1568
ravitheone,ravitheone,,ravitheone,1568
kulden04,kuldeep04,,kuldeeptailor,1568
Chirag_0611,chirag06cf,,chirag_06,1568
shakti_2004,epic007,,shakti_2004,1568
Christygeorgejoseph,,,abdechristy,1568
MesutOzil,mesutozil,831,mo_10,1567
rangu_jyothi_sri,rangu_jyothi_sri,902,cs08_190031397,1567
deshpanda,r2d2c3po,946,r2d2c3po,1567
grimreaper123,ishi5356,1043,grimreaper123,1567
monir769,idfca,1059,monir769,1567
anjali0112,anjali_12_99,1116,anjali0112,1567
priyannshbordia,priyanshbordia,1191,priyanshbordia,1567
Rishabh25,rishabh.25,1238,lakhwani,1567
naimulhaque,naimul_haque,1431,naimulhaque,1567
pablo11,pablo11,1443,ambhautik_11,1567
Mahiyat,mahiyat,,mahiyat29,1567
sinha,175iq,,iq175,1567
Sachinnandhasabarish,sachinjeevan,,sachinnandha,1567
Vishal3999,vishal3999,,vishal3999,1567
KISHAN_BELADIYA,kishan_beladiya,1156,kishan925,1566
MistySamia,misty_samia,1206,misty_sami,1566
HandlyHwaEsmy,handlyhwaesmy,1241,youssofkamal,1566
avirat18,aviratg.018,1242,avirat18,1566
mr_roy,shaon508,,shaon508,1566
Aqib_,aqibkhanmnnit,,aqib_,1566
Fearless,fearless,,nirbhaysinghp1,1566
blayush,blayush,,blayush,1566
ayushbasak,ayushbasak,1002,ayushbasak,1565
shreyansh_singh9984,heisenberg69,1034,hiesenberg69,1565
silver_TANUJ_coder_monkey007,storm_breaker007,1100,tanujyadav007,1565
beingRZ,beingrz,1138,being1rz,1565
ak_jaiswal,ak_jaiswal,1305,ak_jaiswal,1565
Akverma00,akverma00,1546,akverma00,1565
asd123ert,vgarg_2.0,1635,vishugarg,1565
jisan10667,jisanahmed10667,,jisan10667,1565
sukanta,sukantalus,,sukantalus,1565
thundercode,thundercode,,thundercode,1565
adityaguptagkp30,aditya7m,,adityaguptagkp,1565
roy22,coordinates_0_0,,roy022,1565
Liakot_ali,liakot_ali,,liakot_ali,1565
Surya123,suryansh_123,,suryansh111,1565
susheel_7,susheel_7,,susheel17,1565
BabyBeast,subramanisrinivasan,940,subramani007,1564
navneetsingh353,navneetsingh353,997,navneetsingh09,1564
pragyarustagi,pragyarustagi,1093,pragya_123,1564
The_Curse,the__curse,1108,plabon_dutta,1564
karangreat,karangreat,1177,karangreat,1564
priyanshu_singh_033,priyanshu_singh_033,1185,priyansh_033,1564
amit_gupta,amit_gupta,1226,amitg1999,1564
Kareem_Mohamed,kareem_mohamed,1644,zmg95,1564
datta_suvro,suvro_datta,,suvro_datta,1564
namit2saxena,namit2saxena,,namit2saxena,1564
suvro_datta,suvro_datta,,suvro_datta,1564
Abir3014,abir3014,,abir3014,1564
Bulbulkhan420,bulbul_khan,,bulbulkhan,1564
harshitsaini,harshit_saini,,harshitsaini,1564
assccii,assccii,,assccii,1564
bassic_shashank,bassic_shashank,,basic_shashank,1564
arten1337,crossx,1085,arten1337,1563
praveenkum1102,praveenkum1102,1126,praveenkum1102,1563
harshit_kumar,kaumarharshit,1211,harshit_kumar_,1563
above_you,above_you,1278,above_you,1563
sohag_hstu,sohag_hstu,1295,sohag_hstu,1563
talha629,talha629,1447,talha629,1563
Rifat_Rahman,rifat_rahman_rafi,,rifat_rahman,1563
jahid_hassan,jahid_arif,,unc_o_der,1563
cs_mshr,cs_mshr,,cs_mshr,1563
ABiswas5899,05apurva.biswas,,apurvab5899,1563
Anonymous_1409,anonymous_1409,,anonymous_1409,1563
qwerty123,,,junior_g,1563
ShivSunder,shivsunder46,896,shivsunder46,1562
souravbose95,sourav___,1056,souravbose95,1562
tyso,nion_ahmed,1079,nion21,1562
HardikS7614,hardiks7614,1090,iamhardikat11,1562
gagangaur,gagangaur,1195,gagangaur,1562
mittal_sonu,mittal_sonu,1206,mittal_sonu,1562
Pranjal_130,t00thless,1245,pranjal_130,1562
taran_surme,taran_surme,1400,taran_surme7,1562
jojonicho,jojonicho,1404,jojonicho,1562
SecondToNone,secondtonone,,sk020734,1562
CITIZENDOT,harry_potter3107,,harrypotter31,1562
singhal_harsh,singhal_harsh,,singhal_harsh9,1562
axshivam,axshivam,,axshivam,1562
prajwal_15,prajwal_15,,prajwal_15,1562
Apurva_121,tanni_121,,apurva_121,1562
LMNTRIX115,lmntrix115,,lmntrix115,1562
s23_190030627,mothilaljami123,888,s23_190030627,1561
zavier,zavier_,904,abhi311098,1561
Sanat04,sanat04,919,sanat_04,1561
sifathasan578,sifathasan578,1138,sifat578,1561
kamal_13,kml123,1326,kml_123,1561
oo7kartik,007kartik,1406,oo7kartik,1561
mahim007,mahim007,1470,mahim007,1561
AymanSalah,_aymansalah,1705,aymansalah,1561
ankitankit,its_rd,,its_rd,1561
sanket99,sanket_sinha,,sinha_sanket99,1561
dvs7,dvs7,,mstr07,1561
victor_tango,vaishali614,,vaishali614,1561
brown_axe,running_vortex,,ruthwik_26,1561
Shinichi10,,,subham_das10,1561
Manas_Kshatriya,manas_kshatriya,,dot_com,1561
mohammedsaket1,mohammedsaket1,,mohammedsaket,1561
ARKSVANSH,void_ark,712,void_ark,1560
akk312000,akk312000,931,akk312000,1560
Ishrak_AbirCP,iishrak_abir,988,ishrak_abir,1560
thor,ss6364,1038,robin999,1560
mohdasim2808,dark_knight_786,1107,md_asim,1560
jakkala_G,jakkalagirish,1119,girish_11,1560
n_kroma,n_kroma,1149,n_kroma,1560
Soonic,soonic,1286,soonic,1560
raihatneloy,raihatneloy,2002,raihatneloy,1560
Mir,mir_rak,,mir7,1560
Raushan_07,raushan_07,,raushan_07,1560
ygyash,ygyash,,ygyashgoyal,1560
priyanshu508,priyanshu508,,priyanshumaury,1560
PRotON02,kaneki-ken260,1114,ritwik_rajput2,1559
Umar_Laeeque_Shaikh,resilient_umar_abdullah,1125,umar1532001,1559
jaimin027,jaimin027,1158,jaimin027,1559
RED_MONK,red_monk,1203,redmonk,1559
code_brains,code_brains,1213,code_brainss,1559
asisdeo,asisdeo,1308,asisdeo,1559
smsidmis,khaleesi_001,1367,khaaleesi,1559
BlackLotus,qwe,1412,codeplaza,1559
YazanIstatiyeh,yazan_istatiyeh,1426,yistatiyeh,1559
zexon,zexon,1567,zexon,1559
minimario,minimario,1615,minimario,1559
Takik,takik,1911,takik,1559
NSArray,andriy_zhuk,2160,nsarray,1559
ParsaSq,parsasq,2318,parsasq,1559
Ertugrul_1200,ertugrul_1200,,zub12_4,1559
iRiky,yess_1,,shadeit115,1559
hagemaru,,,avinash_1312,1559
Sneha_Banga,starcoder_01,,starcoder_01,1559
delta619,delta619,,ashutosh6197,1559
jay_javi_joy_2001,jaysuthar162001,930,jay_javi_16,1558
dhirajkelhe,dhirajkelhe,1000,dhirajkelhe,1558
Raghav123,raghav2915,1009,raghav1503,1558
Hasnat_ice,hasnat_shohag,1060,hasnat_shohag,1558
Hasnat_Shohag,hasnat_shohag,1060,hasnat_shohag,1558
Shubham777,shubh07,1110,shubham125,1558
ron_weasley27,ron_weasley27,1110,prerna_27,1558
nonwe,devanshu_tripathi,1206,dvansh_123,1558
Techcoder,techcoder,,priyam_12345,1558
SHASHANKGI,shashank_11,,jethala_coder,1558
ag_raghav26,ag_raghav26,,ag_raghav26,1558
subhamiit15,subhamiit15,,subhamiit15,1558
tango__charlie,tango__charlie,,tango__charlie,1558
Pranjal563,pranjal563,,ramayana,1558
sgrpwr,sgrpwr,,sgrpwr,1558
ashu_gate22,ashu022,,ashu_199900,1558
Teevra_Chaukas,teevra_chaukas,743,teevra_chaukas,1557
iGagan,vaaayu,895,igagan,1557
sakib_shahon,sakib3201,1069,sakib_shahon,1557
vaseem_naazleen,naaz_02,1093,vaseem_shaik,1557
geekymanas,geekymanas,1123,geekymanas,1557
mister_zero,mister_zer0,1141,mister_zero,1557
fahad005,noone_07,1273,fahad005,1557
Constantine,mr_anders0n,1347,taosif_1804041,1557
Shikhar03Stark,shikhar03stark,1406,shikhar03,1557
kushagra_pathak,kush_76,1730,kush_153,1557
alva_adison,thomas_alva_adison,,alva_adison,1557
a_n_mishra,aditya_6752,,aditya_6752,1557
Ekaras_001,muhammadak_14,,muhammad_14,1557
sattwik123,sattwik,,hustlercoder,1557
NIK19_hil,nik19_hil,,nikrock_04,1557
sakshamian,sakshamian,,sakshamian,1557
Utkarshhhhh,animus_07,839,helloo_07,1556
jaswanth_m,m_jaswanth,897,jaswanth_11,1556
Rafi_C193011,tanvirrafi,967,tanvir_rafi,1556
islamshaheb,islamshaheb,1010,islamshaheb,1556
NishMan,elixer,1019,nbb7,1556
akshaya_bankumidi,akshayabankumidi,1051,akshaya_2002,1556
Dipto_2014,otpid_047,1054,dipto_2014,1556
abhay_25,abhay.nimje2001,1069,abhay_25,1556
ZE_ro,ritwikrst,1084,ritwikrst,1556
sr_11,sr_2911,1114,sr_2911,1556
Moulia_Das_Proma,moulia_das_proma,1140,moulia_proma,1556
sandydv,sandydv,1172,sandydv,1556
Tanishq_1306,tanishq1306,1270,tanishq1306,1556
tushar_m,agentfury,1286,mhaske_t,1556
__REXX__,__rexx__,,rishu4,1556
ShohanNur,_shon_,,shohanur_042,1556
Tanishq1306,tanishq1306,,tanishq1306,1556
sahiltuli_31,sahiltuli31,,sahiltuli_31,1556
Deadlykiller,hypersin,,johnydepp14,1556
carpediem,carpediem_,,carpediem_,1556
tkachi_Bot,t_kachibot,,kanchi2438,1556
trifiasco,trifiasco,,trifiasco,1556
kritiverma,kritiverma,772,vermakriti,1555
ritz_74,r1tz_74,999,r1tz_74,1555
anutom20,anutom20,1079,anutom20,1555
rishabhrao,rishabhrao,1170,rishabhrao,1555
codingbyomkesh,soumitri12,1202,soumitri12,1555
adid_r10,adid_r10,1377,adid_r10,1555
arnab_sheikh,arnab_sheikh,1401,arnab_sheikh,1555
kalash04,kalash04,1424,kalash04,1555
arihant10,arihant_02,1431,arihant_10,1555
Riajul_Alam,riajul_alam,,riaj132,1555
priyanshu619,priyanshu619,,priyanshu619,1555
rainy_day,rainy_day,,rain_rainy_day,1555
sagil7,sagil7,930,sagil7,1554
ceamin_cste,ceamin_cste,992,ceamin2025,1554
N1kh1l,nikh1l,1052,n1khil,1554
CoderRitvik,ritvikmahajan99,1098,ritvik07,1554
T_tasir,tasirmoon,1354,iamtasir,1554
patelpreet422,patelpreet422,1383,patelpreet422,1554
mrashid_5919,rashidmayesha159,,mrashid_5919,1554
Getlost01,getlost01,,getlost01,1554
muskan_1527,muskan-1527,,muskan_1527,1554
ksanju,ksanju,,ksanju23,1554
aidoo20,amos_aidoo,,amosaidoo2,1554
saitama_07,saitamystic,792,underrated_10,1553
bayush_9,b.ayush_9,1161,bayush_9,1553
ragh2018,ragh2018,1233,ragh2018,1553
Sabbir_Ahamed,sabbir_ahamed,1388,ahamed210,1553
rj_coder,rj_coder,1768,rj_coderrr,1553
code_tester_1,ex-nor,,code_tester_1,1553
Shubham2007,shubham2007,,shubham2007200,1553
ex_nor,ex-nor,,code_tester_1,1553
diksha__7,dikshasinghal,,diksha__7,1553
astinaam,astinaam,,tut_tut,1553
wigbhavya12,wigbhavya12,,wigbhavya,1553
tarun_400,tarun_400,,tarun_400,1553
Sodayoda,sodayoda,,sodayoda,1553
ranveerrajput,ranveerrajput,,ranveerrajput,1553
mark44,mark_41,985,mark_41,1552
SMA,smabhay,1012,m_abhay23,1552
SIAsibul,siasibul,1085,siasibul,1552
adi193,aadi,1376,adi193,1552
pradumnk_23,pradumnk_23,,pradumnk_23,1552
Waseem_m,waseem_m,431,waseem_20,1551
shivam_jha,shivam.jha_,696,shivamm_jha,1551
deepak_yadav,deepakyadav123,840,deepakyadav123,1551
ashutoshm1771,ashutoshm1771,882,ashutoshm1771,1551
sahilsg,sahil_20,1073,sahil_20,1551
rkx21,rkx21,1097,rkx21,1551
rupam55,rupam909,1245,dexter911,1551
yashratnani,yashratnani,1373,yashratnani,1551
vicky2810,vicky2810,1407,vicky2810,1551
Faizan_92,faizan,1751,faizan_92,1551
krauch,krauch,2128,krauch,1551
Infinite_A,ludehsar,,anik112112,1551
viren15,fatefellshort,,viren15,1551
shubha97,,,shbha,1551
RAJA_RAM,rupam909,,dexter911,1551
kartikgoel883,kartikgoel883,,kartikgoel883,1551
ManoharKoya,manoharkoya,,manohar9669,1551
anantrajput,anantrajput,,codersnsavers,1551
swagat_2003,swagat_2003,806,swagat_2003,1550
sarah007,sarah007,882,sarah007,1550
Adidave,aditya_99,885,aditya1704,1550
18H51A0583,s.saikiran,902,saikiran_583,1550
varnit_07,varnit_saxena7,996,varnit_saxena7,1550
tripathi007,anubhavtri007,1012,skylover007,1550
codenikhil,codenikhil,1028,codenikhil,1550
d_silentkdr,d_silentkdr,1035,d_silentkdr,1550
abhi_192001,abhi_.25,1131,kmpt_123,1550
DarkMotion,darkmotion,1205,darkmotion,1550
shohan2032,mohammad.shohan2032,1208,shohan2032,1550
Teertha_Deb,teertha,1402,teertha_deb007,1550
ajai_cr7,positive_vibes,1431,ajai_c_r_7,1550
green_leaf,green_leaf,1450,green_leaf,1550
RhIyeAaD,riad.iit7,1528,riad95,1550
Zeronfinity,i_love_proparthinknot,1908,zeronfinity,1550
NEver_GIve_up,never_give-up,,akstiitdh,1550
DemonB95,demonb95,,demonb95,1550
spoiled_Genius,iam_abhi,,abhi_jaiswal01,1550
Sarcasmqueen_4,sarcasmqueen,,anisha_985,1550
destroyer_a,destroyer_a,849,destroyer_a,1549
anumoluhemanth,ahemanthkumar9,883,anumoluhemanth,1549
rafa45,rafa45,957,rafa45,1549
suryansh38,suryansh38,1046,suryansh38,1549
dalalvarun,_v4run,1138,varun_dalal,1549
NazmusSakib,nazmussakib,1266,n4zmussakib,1549
sadman15019,sadman15019,1281,sadman15019,1549
aryan_19,aryan_19,1350,ary_19,1549
Praveen230102,praveen230102,,praveen230102,1549
Abhay7,money_123,,abhay1071999,1549
Phoenix1212,,,codingless,1549
acewiz,acewiz,,acewiz,1549
wvaibhava,wvaibhava,871,vaibhav_92,1548
sachinssn,negisachin688,976,sachinssn,1548
sauravgpt,sauravgpt,990,sauravgpt,1548
shubham_21,anonymousa5,997,codeur_1,1548
scar1911,scar2911,1013,scar1911,1548
anshus7007,anshus7007,1030,anshu__24,1548
keerthana_03,keerthana_03,1036,kirthi_14,1548
bugbee24,cod_shiven2001,1039,shiventrip200,1548
nk92292,nk92292,1102,nk92292,1548
KING_SEN,king-sen,1130,sen301197,1548
avr99,avr99,1135,adam_davis,1548
ironman007,aryamansinghk,1224,aryan_prince,1548
farhannizami,farhan_nasif_nizami,1226,farhannizami,1548
artcell_army,artcell_army,1342,prangan_420,1548
Unknown_first,mauryan_1,1509,mauryan_1,1548
Ajit021,ajit021,,ajit022,1548
archit_dev,archit-dev,,archit_dev,1548
chandrakiran334,chandrakiran334,,chandu_sd1,1548
swapnil074,swapnil074,932,swapnil078,1547
grazier,grazier,1249,grazier_shahid,1547
abhinav2003,kumar.kr.abhinav,1310,kr_2003,1547
Pravendra_235,pravendra_235,1341,pravendra_235,1547
matheusvicente,matheusvicente,1410,matheusvicente,1547
PrimeX,primex,1442,jsprince,1547
faisaljabet,faisaljabet,,nirjhor_45,1547
sajidrec,sajidrec,,sajidrec,1547
sourav_kashyap,souravkashyap65,,sourav_kashyap,1547
starrohan999,starrohan,871,rohankumar_999,1546
rahulrafale100,rahulrafale100,1001,rudra_100,1546
zihad1783,zihad_28,1249,zihad1783,1546
Abhimanyu,shellhead96,1258,abhimanyu007,1546
KSR,ksrsingh,1274,k1k4_313,1546
masterchef2209,brickiq,1718,masterchef2209,1546
akshay7797,akshay7797,1724,akshay7797,1546
n_dhakad,n_dhakad,,n_dhakad,1546
ivibhu05,ivibhu05,,ivibhu05,1546
rajstarts35325,rajstarts35325,,monk5235,1546
zihad28,zihad1783,,zihad1783,1546
SIVAKUMARS,,,sivas_postbox,1546
saquib77,saquib_77,870,saquib_77_7,1545
hsinha610ss,hsinha610,929,hsinha610,1545
anubhav_2707,anubhav_2707,1004,anu_svt,1545
the_daedalus,the_daedalus,1093,the_daedalus,1545
shreyas_2711,shreyas_2711,1203,shreyas_2711,1545
Dreamy_Idler,dreamy_idler,1430,dreamy_idler,1545
utchchhwas,utchchhwas,1511,utchchhwas,1545
harshit23,harshit2309,1730,harshit23,1545
MohanLakshman,mohanlakshman,,lakshman_mohan,1545
Emruz_Hossain,emruz_hossain,,emruz_hossain,1545
_mishraG_790,,,apurvm_064,1545
born_free,raukum74,,raukum74,1545
ansi22,_ansii_,,ansi22,1545
niksjain1,niksjain1,1030,niksjain1,1544
aryan183,aryan183,1059,aryan183,1544
codeantik,codeantik_099,1065,codeanktik_099,1544
TheAnmolMalik,theanmolmalik,1068,theanmolmalik,1544
somu_9,sumiteshn,1083,somu_9,1544
faizal_karim,faizal_karim,1112,faizal_karim,1544
Ifty1011,_ifty_,1199,ifty1011,1544
utkarsh_b,utkarsh_bhatnagar,1271,thelight,1544
swraj_28,swrajkant28,1294,swrajkant_28,1544
Suzaku_kuru,suzaku_kuru,1372,suzaku_kuru,1544
sarthak308,sarthak308,1456,sarthak_308,1544
Debasish1610,debasish1610177113,1566,debasish1610,1544
gaurav007,gaurav007_,1587,gaurav007_,1544
MishraNishant,the_game_of_code,,nishant_25500,1544
thatsMe,vanshikasingh1303,817,vwannacode,1543
noob_coder_69,ak_0609,818,player_06,1543
ayanujju,ayanraj,909,ayanujju,1543
NandadeepMedicharla,heir_of_slytherin,995,nandadeep_051,1543
vik0786,vik0786,1040,vikranty2j,1543
ShahinBeg17,shahin17,1209,shahin17,1543
shreyas_00710,shreyas_710,1268,shreyas_710,1543
DSB,dilbwagsingh,1311,dilbwag1,1543
mohit0749,mohit0749,1337,mohit0749,1543
hrd10,hrd10,1480,hrd10,1543
adarsh150,adarsh150,,adarsh3004,1543
whyalwaysme,sillycodes,,coderishi_1601,1543
Alphapruned,sillycodes,,coderishi_1601,1543
coder_96,coding_krni_h,,player_06,1543
dnyan0611,dnyaneshwar_06,,dnyaneshwar_06,1543
unlucky_13,unlucky_13,,unlucky_13,1543
project7155,project7155,709,project7155,1542
Shah_Ibne_Fahad_,shah-ibne-fahad,920,ibne_fahad,1542
priya07,priya_07,1054,priya_singh07,1542
vikaschhonkar1,vikaschhonkar1,1117,vikaschhonkar1,1542
moghya,sawant,1215,moghya,1542
deepaknayan,deepaknayanpro,1232,deepaknayan,1542
ah_med,strange_r,1332,strange_r,1542
strange_r,strange_r,1332,strange_r,1542
viky08,viky08,1600,viky08,1542
lionadis,lionadis,2045,ahmedcpbl,1542
yashranjan74,yashranjan74,,yashranjan,1542
Pyu,pyuprince98,,pyu210,1542
broken_dream,braindeath,,kais19,1542
Ibne_Fahad,shah-ibne-fahad,,ibne_fahad,1542
sk_s,sks0007,,sk_s,1542
ritikagr,ritikagr,,ritikagr,1542
Abhihash,,,swapnil1199,1542
Raju_Das_87,rajud878,,letscode_94,1542
vishesht27,vishesht27,534,vishesht27,1541
arif77,arif77,565,arif1990,1541
champion,hmm..ok,855,emgineer,1541
faekotaku69,koustav_7890,921,koustav_7890,1541
IshanX,ishanx,1120,ishanxcc,1541
murligoel,murli_goel1999,1239,murligoel,1541
burhan103335,burhan103335,1338,burhan103335,1541
shubhamkr120798,shubhamkr120798,1401,shubhamkr1207,1541
rohanmukhija10,rohan101,1516,rohan101,1541
dudo,dudo,1548,dudo_1,1541
kushagragarg13,kushagragarg13,,kushagragarg13,1541
prithvijitbasak,prithvijitbasak,,pbasak,1541
Rayhan_labib,rayhan_labib,,rayhanhasan28,1541
asd234,in_tr,,in_tr,1541
dharmateja_03,freakingcoder,637,dharmateja3,1540
theprincekumawat,2000030824_klu,732,prince_1608,1540
farhanT,alienofmercury,943,codetanvir,1540
getdebarghya07,getdebarghya1025,1065,getdebarghya07,1540
shamimice03,ha_ha_ha,1069,shamimice03,1540
pypimo,pypimo,1091,pypimo,1540
anurag1905,anurag1905,1127,anurag_08coder,1540
ashwin9686,ashwin9686,1673,ashwin9687,1540
FastFinger,darth.vader,,talant,1540
Sagor_1703011,in_sha_allah,,sagor_1703011,1540
L_O_S_E_R_1,under_dog,,ptaneja,1540
rishabh_v12,rishbh_v12,753,rishabh_v12,1539
suraj1007,suraj1007,920,suraj_31077,1539
nishchay_sharma,nishchay,1067,nishchay_6998,1539
Ar_sust,arman_1997,1092,armanul_1997,1539
deswal,deswal,1138,deswal,1539
factor,factor,1255,factor,1539
sahenulislam,sahenulislam,,sahenulislam,1539
husseincoder,husseincoder,,husseincoder,1539
farid,askfarid,,askfarid,1539
abhinavrawal,abhinavrawal,,abhinavrawal,1539
fuzzy_wizard,fuzzy_wizard,,chinmayrane16,1539
sniper_001,scope_,,sniper_001,1539
aastha2902,aastha2902,,aastha2902,1539
mittal_sagar,mittal_sagar,863,mittal_sagar,1538
Swakshar,sarshawk,1017,sarshawk,1538
SuryashJha,theconqueror99,1107,jha_suryash9,1538
mdshihab,mdshihab,1127,mdshihab,1538
alpha_x,uptanuj,1277,tarus,1538
Alcatraz11,alcatraz_1,1298,ronitchak1,1538
_garbage_,sadik,1449,sadik_99,1538
ranjithm_,ranjithm2001,1476,ranjithm2001,1538
aryamantodkar,aryamantodkar,,arrayone,1538
hellgod13,hellgod13,943,hellgod13,1537
hellgod_13,hellgod13,943,hellgod13,1537
AjaykN,ajaykn017,958,ajay_017,1537
Niraj81,niraj.py,1324,niraj81,1537
Apurv1071998,i_will_show,1332,i_wil_show,1537
dnpshuser,dnpshuser,1742,dnpshuser,1537
Deepak_Maurya,dkm_1164,,dkm_1164,1537
anshkush92,anshkush92,,anshk92,1537
ashk43712,ashk43712,,ashk43712,1537
jineshparakh,jineshparakh,,jineshparakh,1537
Urgyan,urgyan,,urgyan,1537
pushkarsharma08,pushkar.vns16,,pushkarshar,1537
lakshya_7899,lakshya_7899,,lakshya_7899,1537
sudhanshuraj8917,_sudhanshu8917,576,sudhanshu8917,1536
kashyapAnubhav,anubhav_105,795,anu_105,1536
aaababa,sdr_zerone_sakline,1045,kazama4199,1536
walleeva,walleeva,1048,mcqueen2018,1536
sri_soumya,sri.soumya,1145,sri_soumya,1536
walker8,walker8,1339,walker8,1536
ayushi_sneha,ayushi_sneha,1536,ayushi_sneha12,1536
sanchay_goel,sanchay_goel,1644,sanchay_goel,1536
Ankit_15,ankit_15,1663,ankiitd,1536
porosh45,bohemian,,porosh45,1536
ankit_78,akg_1111,,hey_ankit,1536
amanthakur11,amanthakur11,,amanthakur11,1536
manishranjan2606,iam__manish,,manishranjan26,1536
dormordo,,,dormordo,1536
himanshu797,himanshu3997,,him797anshu,1536
rajnish164,rajnish164,,rajnish164,1536
SOURABH498,sourabhsuman65,711,sourabh498,1535
Naman_0301,namanbhatia11111,839,bhatia_12345,1535
Satish999,jack_sparrow_999,983,satish999,1535
Sakshi,sakshi0910,1026,sakshi0910,1535
Rahul22459,aswathama.,1146,rahul_00101,1535
Tamima_,tamima_,1283,sumaya_1703110,1535
Ratoon,ahsanul_ameen,1486,ahsanulsabit,1535
naman_manu,urban_thug,1565,naman_manu,1535
kunalkatiyar9,kunalkatiyar9,,kunalkatiyar9,1535
neharika_shah,neharika_shah,,neharika_shah,1535
rakibattaridib,rakibattaridib,,mraq32,1535
Iftekhar_Ahamed_Siddiquee,gussuri,,iftekhar_ahame,1535
mudgalabhay57,,,mudgalabhay,1535
bijoydewanjee,bijoy_dewanjee,,bijoydewanjee,1535
rs1997,roshansalian,998,roshan_s_97,1534
satakshigarg,satakshigarg,1018,satakshigarg,1534
__Enigma,_astra_,1113,perfume_00,1534
Aehrrr,rhea_adhikari,1136,rhea_adhikari,1534
Rajrahane,rajrahane,1165,rajrahane,1534
mnvaidya,_xor,1229,m_vaidya,1534
aaditya_2_11,aaditya_02_11,1269,aaditya_2_11,1534
moslehuddin,asad5059,1314,asad5059,1534
hello_shariar,_parasite,1365,shariar1309,1534
amish0007,amishbharti1999,1539,amish1999,1534
tarunsinghania,tarunsinghania7,1701,code_nlearn,1534
sameer388,sameer388,,sameer388,1534
zafir3,pratikmogaveera,,zafir3,1534
Vishal2806,,,vishal_2806,1534
ravishu5,ravishu5,,ravishu5,1534
prit0028,prit0028,739,prit0028,1533
SaruarChy,saruar_chy,946,saruar_mu,1533
shacr7,shacr7,974,shacr7,1533
iaish,iaish,998,iaish,1533
Lazy1402,lazy1402,1092,simransv1402,1533
bugIsEverywhere,bugiseverywhere,1163,misbah_iiuc,1533
indra001,indra001,1167,indra001,1533
rohitps3282,rohitps3282,1280,rohitps3282,1533
RiuSRoy,purplish,1362,iamash_20,1533
saket_shubham31,saket49,,saket5541,1533
adityapawar,aditya.pawar2019,,adityapawar22,1533
DazzlingAce,,,dazzlingace,1533
strange_boy_0,strange_boy_0,857,strange_boy_0,1532
as226,as226,875,as226_cc,1532
souravmishra110,souravmishra110,971,souravstryker,1532
avinash99,avinash99,1016,avinas,1532
shubh8617,shubh8617,1071,shubh01234567,1532
sp140,thalapathi,1314,sp140,1532
super_user0,super_user0,1360,super_user0,1532
loaf_nob,loaf_nob,1419,loaf_nob,1532
rafi_alam,_boss_,,rafi_alam,1532
sumitkhaitan,smtkhaitan,,samboy,1532
Fazle_Rakib,fazle_rakib,,fazle_rakib,1532
Techno_o76,techno_jayesh,,techno_o76,1532
jainy,koshish,,jain_rishabh,1532
Anothrrandomname,mashedpotat0,,vaisakh_000,1532
ocean_bhardwaj,ocean_bh,769,ocean_bh,1531
rupeshjha909,rupeshjha909,805,rupeshjha909,1531
rajat_enzyme,rajatmittal2012,1036,rajat_enzyme,1531
Jaamil,jaamil,1092,jaamil,1531
piyushchavan88,piyushchavan88,1250,piyushchavan88,1531
PlayingItMyWay,psdudeman39,,psdudeman39,1531
torpedo,torpedo,,torpedooo,1531
RifatXia,rifatxia,,rifatxia,1531
nemesis_S,nemesis_s,,nemesis_s,1531
Himanshu_4025,himanshu_5354,,himanshu_5354,1531
Subbha,,,subbhahsit,1531
Demon_kiing,demon_kiing,,ankit10248,1531
n_varshney912,nvarshney91,426,nvarshney91,1530
devforlife07,devforlife07,857,forknknife07,1530
Anmol55,anmol55,1018,mr_anmol,1530
vishalpolley,vishalpolley,1214,vishal_polley,1530
rajaryan10,raj_aryan,1236,harry_1008,1530
shadow_storm,shauryauppal001,1365,shauryauppal,1530
daniel_suh,danielsuh,1556,daniel_suh,1530
pranav4,pranav4,1556,pranav4,1530
Mehedi_Mithun,mehedi_hm,,mehedi_01,1530
AdityaKashyap,kashyapaditya1234,,kashyapaditya1,1530
baibhav0305,baibhav0305,968,baibhav030501,1529
sbs25,sbs25,1052,sbs25,1529
Mikepayne14,mikepayne14,1200,qaseem_hasan_,1529
dynamic_coder,sami412,1240,fa11ur,1529
Shairys,shairys,1606,shairys,1529
Leonidas,twcd,,rhunt,1529
ashish0013shaw,ashish0013shaw,,shaktiman_13,1529
chikku1729,chikku1729,,chikkuttan,1529
amitazadi,,,superazad,1529
Rayalu542,ccc_hackers_club,,rayalu542,1529
Akhil_063,akhil_063,576,niklaus_007,1528
18H51A0581,pavan581,879,pavan581,1528
akash_punna,akash_punna,996,akash_punna,1528
deveshjha489,accha_baccha,1037,deveshjha489,1528
sauravshekharsingh,sauravshekharsingh,1038,saurav_shekhar,1528
Maria_Sultana,mariarifa2018,1050,maria_sultana,1528
guruteja_2000,guruteja,1096,guruteja_2000,1528
mean_understanding,navinbhandari45,1220,navin45,1528
riyabhatia26,riyabhatia26,1372,riya_2697,1528
rasel_28_367,rasel_28_367,1398,rasel_28_367,1528
shreyanshjn,shreyanshjn,1467,shreyansh62,1528
thevividlistener,thevividlistener,1605,aagamshah,1528
saurabh2196991,saurabh2196991,,saurabh2196991,1528
vipul_0209,codehacker02,,swat_vipul,1528
giriamit,giriamit1999,570,giriamit1999,1527
fr1nkenstein,fr1nkenstein,910,fr1nkenstein,1527
nur_alam,nuralamcse024,1112,nur_raat,1527
chandan109,chandan109,1276,chandan109,1527
saiyam_88,saiyam_88,1276,saiyam88,1527
Unstoppable,unstoppable23,1327,unstoppable_1,1527
1804054_Miraz,mohammad_miraz,,miraz1804054,1527
anshajsharma,anshaj_sharma,,anshaj_sharma,1527
saiyam_240799,saiyam_88,,saiyam88,1527
Ravistop,rkt123,,rest_less,1527
SiddhantManze,siddhantmanze,,siddhant_2021,1527
mota1997,motasanyal,1211,sayan_000,1526
didar_cste,didar20,1222,didar_nstu,1526
Hrtk,eagle_7,1246,hrk_432,1526
Asim,asim.2131,1301,asim_2131,1526
chetan_6780,reversalred9,1307,chetan_6780,1526
Apurbey,azadpurbey,1555,azad1111,1526
warhead38,warhead38,1582,vatsal38,1526
devyldev,lexuanan,,xuanan_nd,1526
Sanjay0011,sanjay0011,,sanjay_bhatt01,1526
starwiz_7,starwiz_7,,starwiz_7,1526
anandnormiexd,anandnormie,862,anandnormie,1525
anandnormie,anandnormie,862,anandnormie,1525
mrnodyy12,lalit.kumar__,1029,lalitkumar__,1525
luckynoddy__,lalit.kumar__,1029,lalitkumar__,1525
One_for_all,avish_agarwal11,1030,avish11,1525
d_vishal,dragonn,1033,d_vishal,1525
suyash01,suyash01,1062,suyash01,1525
riadath,riadath,1170,riadath,1525
LochanMelam,lochan99melam,1263,lochan_melam28,1525
initish,nitish_cet,1383,initish,1525
gangwar_107,singh9267,1672,gangwar_107,1525
abhishek_kira,abhishek_kira,,abhishek_kira,1525
PJ,projnajit,,projnajit,1525
galok1001,,,galok10_01,1525
gangotri,gangotri,,gangotri,1525
evonloch,evonloch,,evonloch,1525
aviafrid,avi_afrid,665,aviafrid,1524
anushka_saxena,as2202,947,asaxena22,1524
rbjoshi,rbjoshi,1065,rbjoshi1309,1524
lzytourist,luchador,1162,lzytourist,1524
apurva021,apurva021,1511,apurva021,1524
mk_shahriar,mk_shahriar,1774,mk_shahriar,1524
Autoratch,autoratch,2163,autoratch,1524
KratosHK,kratoshk,,h123arshit,1524
stalk_rishav,rshav61a,,rishavraj7667,1524
udbhav3101,udbhav31,1004,uv_3101,1523
Utshow,utshow,1065,utshow22,1523
nitace,nitace,1152,nitace,1523
Lu_MdTanzim,mdtanzimferdous,1206,lu_mdtanzim,1523
akt_114,akt_114,,akt114,1523
menonkartikeya,menonkartikeya,,menonkartikeya,1523
raghav9352,raghav9352,,raghav9352,1523
himv1998,himv1998,,himv1998,1523
itachi_x7,itachi_x7,,itachi_x7,1523
garima9233,garu9233,,garima9233,1523
shivamishra21,,,shishy21,1523
gana1729,gana1729,813,gana1729,1522
itupitumitu,itumi,1079,itumi,1522
syedamim1,syedamim1,1139,smia72,1522
Rafiqul01,rafiqul01,1340,rafiqul01,1522
pranavk,pranavk1234,1441,p_____123,1522
aadityatripathi,aadityatripathi2608,1696,adityatripathi,1522
wo1fie3608,wo1fie3608,,parikshit_2211,1522
amolpratap007,amolpratap007,,amolpratap07,1522
mighty_morphin,mighty_morphin,,poorvidesai_08,1522
RABEE_ADEL,rabee_adel,,rabee_adel,1522
shakilsustswe,2000_ahs_sustswe18_72,,shakilsustswe,1522
nakib1948,loopinfinityy,,nakib1948,1522
fuad_ahmed,fuad_ahmed,,fuad_ahmed,1522
aaronhma,aaronhma,881,aaronhma,1521
biswasbijoy,biswasbijoy,943,bijoy_biswas,1521
amitbansal13,ab13,1243,amitbansal13,1521
_kh,_kh,1244,ettehad97,1521
skywalker__,skywalker_,1635,skywalker_,1521
mayank2018,mayank2017,1745,mayank2018,1521
Praveshyadav,codetilldawn,,codetilldawn07,1521
amankhanathani,amankhanathani,,amank2061,1521
chetna_mittal,chetna.mittal,939,chetna_31,1520
wadhwa_1701,wadhwa_1701,966,wadhwa_1201,1520
jais_sat,jais_sat,1280,jais_sat,1520
Nipen_Paul,endnp,1361,nipen_paul,1520
vikashcode,vikashcode,1409,vikashcode,1520
NIMBUS2018,dkshubham,1472,shubham_2k18it,1520
bkcmc,dkshubham,1472,shubham_2k18it,1520
thakkar2804,thakkar2804,1742,thakkar2804,1520
sumitmourya9634,sumitmourya9634,,sumitmourya963,1520
falsecoder14,animeshbit,,falsecoder,1520
asshunter,schizo,,pawan161096,1520
AshutoshPathak,ashutosh_pathak_27,,lynton_1765,1520
kashika,kashika,,kashika12,1520
sk0001,sarthakoherwal,,sarthakoherwal,1520
spark,spark519,,harsh_hr1,1520
mrigank_iitkgp,mrigank_iitkgp,,mgk_432,1520
Musa,musa23,1436,hemans19,1519
SrGrace,srgrace,,s_verma,1519
D4rk4rmy,rajprakash1999,,raj2000,1519
_santyssk_,_santyssk_,,santyssk,1519
stpabhijeet,,,abhijeet_rawat,1519
mys__1598,mys_1598,,myaswantsai,1519
ashuag007,ashuag007,,ashuag007,1519
niting112,niting112,1027,niting112,1518
Jabed_Kaium,jabed_kaium,1052,jabed_kaium,1518
Shinigami_07,shinigami_07,1387,shinigami_07,1518
forever_newbie,forever_newbie,2085,gaurav_ankit,1518
Anjali2901,anjali_2901,,anjali2901,1518
prashanthbomma,prashanthbomma,,prashanthbomma,1518
shagun2,shagun2,,shagun2,1518
roy_joy,the_great_roy,,roy_joy,1518
dryairship,dryairship,,dryairship,1518
hemanthkoppadi,fireblizzard,720,hemanthkoppadi,1517
gourav111,gouravmajee,884,gourav111,1517
rdas6313,rdas6313,903,rdas6313,1517
mishra_557,mishrapriyanshu3,932,mishra_557,1517
Umashankar0877,umashankar0877,974,umashanakr0877,1517
radhesh_kunnath,kunnathradhesh,1016,youknowme123,1517
mayank612512,mayank612512,1105,mayank612512,1517
ramki,ram-ki,1172,ramakrishnan_1,1517
loop_breaker,loop_breaker,1231,loop_breaker,1517
TooComplex,rakshit4f,,rakcode1998,1517
Mahbub_Rafi,mahbub_rafi,,rafi392,1517
dky2202,dky2202,,dky2202,1517
nikhil__,nikhil_cf,,nikhil4cc,1517
mizan0711,mizanur0711,,m1zaan,1517
BadisaNaveen5655,klu_2000031509,914,klu_2000031509,1516
thejokker,aj_09,1081,aj_09,1516
aarifshuvo,aarifshuvo,1411,aarifshuvo,1516
DhairyaPatel,dhairya_patel,1612,dproxx8,1516
nanicode,nanicode,1965,nanicode,1516
368,368,,tahsin_soha,1516
Starscream_11813,starscream-11813,,starscream_51,1516
Love_Triangle,love_triangle,,jitto777,1516
shiz98,doyenne,,grudge,1516
abdul_malek,ab_malek,,abdul_malek,1516
guptakmohit,guptamohit,,gupta_k_mohit,1516
varinder_lpu,varinder_lpu,,varinder_lpu,1516
syed_tanveer,syed_tanveer,384,syed_tanveer,1515
kusumita,kusumita29,823,kusumita29,1515
Rupa_421,achanta_rupasri,1094,rupa421,1515
vaibhavjindal,vaibhavjindal,1159,vaibhav_2001,1515
sajjad_fc13,sajjad_fc13,1241,sajjad_fc13,1515
aadarsh18,aadarsh18,1312,aadarsh18,1515
King_01,king_01,1600,king_01,1515
saisitaram2000,saisitaram2000,,saisitaram2000,1515
G0DSPEED,g0dspeed,,g0dspeed,1515
bishen,bishen,,bishen28,1515
bistimulus,bistimulus,841,bistimulus,1514
kl2000030016,abbas_ali_shaik,842,kl2000030016,1514
fragrance081,fragrance081,889,kingsmoker,1514
ammu_00_7,ammu_00_7,960,ammu_007,1514
kpchouhan18,kpchouhan7,995,kpchouhan7,1514
Sameeha_07,lazy_propagation_,999,lazy_prop123,1514
kickass0,curly_brace090,1020,kickassss,1514
Plabs,plabs,1041,plabs,1514
noonehere,mattstoniepizza,1093,adi_1313,1514
ayushomi007,ayushomi007,1144,ayushomi007,1514
zhbdripon,zhbdripon,1170,zhbdripon,1514
vijender_8601,vijender_8601,1220,vijender_8601,1514
Sagar_Kumar_007,sagar_sk007,1221,sagar_sk007,1514
gourav_12345,gouravmodi321,1233,gourav_12345,1514
archi97,archi97,1272,archi97,1514
agrawalayushi1804,kishi18,1285,kishi07,1514
lovish,ma_da_fa_ka,1793,codingisez,1514
sohsoh84,sohsoh84,2541,sohsoh84,1514
aditikandhway,aditikandhway,,aditikandhway,1514
18H51A05P3,sonakshigodavarthy,,sonakshig2720,1514
saumya562,saumya56,589,saumya_5620,1513
NavjotSingh42,navjotsingh42,604,navjotsingh42,1513
vatsal_24,khatrivatsal,966,time_slayer_24,1513
kitarp,kitarp,992,kitarp2902,1513
Manash_2006,manas2006,994,brimreign,1513
anshul123,ansshul1999,1013,ansshul1999,1513
Arcane2202,arcane2202,1111,arcane2202,1513
jgyugu,sai_anil_m,1150,s07_190031126,1513
mittalprince,mittalprince,1166,prince766,1513
alisher.turubayev,alisher.turubayev,1451,alisherturu,1513
sameershaik,sameershaik,,sameershaik_jr,1513
Manan_shah,manan_shah,,mshah_tushar,1513
MR_MECHANICAL,mr_mechanical,,mr_mechanical,1513
agahlot,,,agahlot,1513
DeepakGoyal,deepak36,,deepak2412,1513
Darshan44,darshan44,,ec07_190040109,1513
prasha_goyal,prashagoyal,,prasha_goyal,1513
riankk,riankk,,riankk123,1513
shashank_3096,,,shashank_3096,1513
huma2199,huma2199,908,huma2199,1512
prachideshwal,prachi15,969,prachi_deshwal,1512
ankush_1996,ankush_1999,1005,ankush_1999,1512
Fahim2001,forhanshahriarfahim,1049,fahim2001,1512
trinathraja,trinathraja,1063,trinath2000,1512
1mohaimen,m-29,1139,mohaimensarker,1512
ju_jisan,j.u.jisan,1150,ju_jisan,1512
resfeber14,resfeber14,1171,resfeber14,1512
Taukir_Khatri,hustler_72,1236,taukir_khatri,1512
Prajwal509,prajwalpatil509,1423,prajwal509,1512
ayush_pandey,ayushpandey,1547,cenation007,1512
F_O_Y_E_Z,f_o_y_e_z,,ehasan302,1512
warlock,_warlock,,vishal989,1512
code_fille,code_file,,mansigupta19,1512
naveen161,naveen161,833,satyarthi161,1511
sa_y_em,sayem_ahmed,897,sa_y_em,1511
sunder_ch60,sunder_ch60,914,sunder_ch60,1511
rafid_shad,rafid.shad,992,turbulent,1511
Saurabh_Dhande,saurabh_48,1040,saurabh48,1511
pragya_07,boy_good,1044,goodboy_07,1511
Shashank1212,noobcoder1998,1076,noob_coder1212,1511
hady,davinci,1254,sugar_hady,1511
aayu1401,aayu1401,1529,aayu_1401,1511
kartikey134,kartikey134,,kartikey134,1511
Aniket_11,aniket11,,aniket_1298,1511
160218737047ITA,sonaligodavarthy,,sonali2720,1511
cheems_bahubali,kush_1312,,kush_1312,1511
ERROR_404,rasel_meya,961,rasel_mia,1510
jamal474,jamal474,1078,jamal474,1510
vivekjha4619,jhavivek105,1120,vivekjha4619,1510
pratikb2805,pratikb2805,1419,pratikb2805,1510
Nucleist,nucleist,1606,hedi,1510
sazidnur,sazidnur,1622,sazidnur,1510
noelnadal,noelnadal,1734,noelnadal,1510
nikunj_joshi3701,bjbrother.nj,,bjbrother_nj,1510
xstratx,appy.shades,,bornshady12,1510
2.01E+09,abdul_kadir,603,h2010030002,1509
RashakDude,rashakdude,910,rashakdude,1509
Anurag331,anurag331,968,anurag331,1509
Julkar_Naim,_naim_,1236,mznaim,1509
vinay_lingam,vinay_lingam,,vinay_lingam,1509
aditya113141,aditya1131413,,aditya113141,1509
PsYcO_kk,psyco-kk,,psyco_kk,1509
abhisheksingh9,abhisheksingh9,,abhishek_dtu,1509
imr_stop,imr_code,,imr_code,1509
vbhvrn,vbhvrn,,vbhv1988,1509
humbletheif,humbletheif,,humbletheif,1509
krieger_79,krieger_79,1005,krieger_79,1508
ibrahimsherif,ibrahimsherif,1152,ibrahimsherif,1508
pratyushk82010,pratyushk82010,1201,pratyushk82010,1508
SHK84,shk84,1389,shk84,1508
bhargav_mahajan,bhargav_0085,,bhargav_0085,1508
_labib,_labib,,labib_007,1508
gaddevarunteja,varunteja13,,gaddevarunteja,1508
im_sk,im_sk,,im_sk,1508
manunem3859,manu_nem_3859,1016,manunem,1507
Bonusree,8708635,1040,bonu181955,1507
Harsh2017,harshgautam499,1093,harsh_0,1507
ebram96,ebram96,1202,ebram96,1507
raftar2097,raftar2097,1256,rishab2097,1507
rajatgoyal715,rajatgoyal715,1370,rajatgoyal715,1507
jcbages,idgaf,1471,jcbages,1507
u1804034,phoenix_34,,tumpa_tahu,1507
cseshamim47,cseshamim47,,cseshamim47,1507
namit27,namit27,,namit27,1507
kajalkare07,kajalkare17,,kajalkare07,1507
Anupam_cse,ad.......,,anupam1604054,1507
dipak025,dipak_codz,,dipak_patil,1507
garg_puneet123,garg_puneet123,,garg_puneet123,1507
vishal_kumar_,vishal_kumar_,1128,vishal_kumar03,1506
agayush,agayush,1135,ayushag_0904,1506
hiddenhopes,hiddenhopes,1270,hiddenhopes,1506
blitzkrieg639,blitzkrieg639,1436,blitzkrieg639,1506
mridul2000,mridul08,1663,mridul2000,1506
Midhun,midhunrdy,,midhun_1234,1506
ltra_golu,ltra_golu,,revant,1506
thakkarpanth,thakkarpanth,,thakkarpanth,1506
RSK,ramakant990,,rsk_nitw,1506
rhazra003,rhazra0602,,rhazra003,1506
GarimaAgrawal,garimaagrawal,1104,garry_133,1505
nimesh_singh,nimesh_singh,1204,nimesh_singh,1505
dhiraj_7_,dhiraj_7_,1418,dhiraj_7_,1505
secondguy,sarveshhiwase07,,killernaru,1505
1.90E+08,1.90E+08,817,bhargav_049,1504
Surya97,suryavamsi8,834,tvsv,1504
piyushb_0412,piyushb_0412,987,piyushb_0412,1504
patilkrunal,kp_11,997,androidkp11,1504
krish_13,krish____13,1133,kmb13,1504
Co_nan,p_r_i_d_e,1895,p_r_i_d_e,1504
savagecarol,_savage-carol_,,savage_carol_,1504
abuudarda,abuudarda,,abuudarda,1504
KabidHasan,hasankabid241,,kabid,1504
anand0909,cord9,,anand0909,1504
bhaskar98,bhaskarsen1998,,bhaskar_8998,1504
ktarak,tarkeshwar,1133,tarkeshwar_ds,1503
BinaryThinker,binarythinker,1135,binary_thinker,1503
rr99,rishav99,1337,rishav99,1503
wizardo,souvikmahato,1355,souvikmahato,1503
null_pointer_1,null_pointer_1,1361,null_pointer_1,1503
ayushme53,ayushme53,1423,ayushme53,1503
Shridhar,shridhar,1451,shridhar0668,1503
nihalshahria,nihalshahria,,nihalshahria,1503
D1sha_Singh,skrhsg,,disha_1999,1503
Ana__MS,mohits,,coder_29ms,1503
Faysal1997,ikarus_101,,ikarus_101,1503
Iamalpha,alpha_107,,iamalpha1011,1503
AH_TONMOY,ah_tonmoy,951,ahtonmoy16,1502
GuruG,sanjeevchoubey,956,sanjeevchouby1,1502
CodeVi,vishalbh,1036,vishalbh,1502
yoji_20,yoji_20,1048,yoji_20,1502
krobin_93,krobin_93,1166,krobin_93,1502
wompowe,wompowe_redefined,1167,wompowe,1502
CHIN2,b1b1,,titan9978,1502
shivam_327,shivam_327,,shivam_327,1502
umakant_dubey,umakant_dubey,,umakant_dubey,1502
RajputAnkit,rajputankit,,rajputankit11,1502
ashu15200,,,ashu1501,1502
nikhil_g,nikhil_111,845,nikhil_7136,1501
udaykiran_i,udaykiran_i,897,udaykiran_i,1501
surya_learn,surya_learn,1185,suryamani123,1501
noob1412,noob1412,1234,alphaboi1412,1501
mannshah1211,mannshah1211,1260,mannshah1211,1501
funtastic_08,funtastic_envy,,funny_gen,1501
kalenbhaiya,kalenbhaiya,,dsaishero,1501
Toor,toorin06,,assass1n,1501
Aman_21,aman__21,,aman_21_3,1501
Sujeet_Kumar,_.sujeet_kumar._,,sujeet200016,1501
hugemongo,,,hugemongo,1501
Eddie_codes,eddie_codes,,eddie_code5,1501
dastryu,dastryu,950,dastryu,1500
adist98,4e494b,1207,adist98,1500
KUCH_NI_ATA,shaurya_143,1268,shaurya1709,1500
Mir_123,__farcry,1314,mir_123,1500
trojan_king,mezbaur,1406,trojan_king,1500
Koushik_Sahu,la_liability,1455,koushik_sahu,1500
anik052,artwh0,,anik_math,1500
ayush_2001,jhaayush952,,ayush_092001,1500
Kaun_Dhundega_Re,high_scorer,,show_your_game,1500
Shivansh_Singh,shivanshsingh9670,,shivansh961,1500
fraznistpunk,fraznistpunk,296,fraznistpunk,1499
harshitavyas23,harshitavyas23,398,harshitavyas23,1499
wizardcoder,wizardcoder,892,vivek_nsit,1499
L_Lawliet007,_akiib,951,ali_haider_007,1499
gaurav_pali,gaurav_pali,1157,gaurav_pali,1499
aditya_holkar,aditya.holkar17,1182,aditya926,1499
Jihad,jihad.,1294,jihad_,1499
sunny_chand,learnercode,1469,sunny_chand,1499
_divya_sing_pd_,_stranger_el,,divya_singh_pd,1499
Im_n7_,im_n7_,,im_n7_,1499
raj_ayush,,,raj_ayush,1499
andy1410,andy1410,,andy1410,1499
kamal_murmu,kamal_murmu,,kamalmurmu,1499
Geeky_Geeks,geeky_geeks,,punit_coder,1499
inferno_mack,inferno_mack,,akashsaini_19,1499
UnknownDragneel,dragondragneel,1001,total_looser,1498
Hades01,hades01,1015,hades_01,1498
m_fahim,source_c0de,1025,fshah1997,1498
nopeace,mishraa878878,1073,adityakrmishra,1498
admirable48,admirable48,1264,mahmud_sust19,1498
chanchal_maji,chanchal_maji,1442,maji_chanchal,1498
up_79,priyanshu_98,1529,priyanshu_98,1498
roshan0708,roshan0708,,roshan0708,1498
singhsuryansh12,singhsuryansh12,991,singh_suryansh,1497
shubham_bhosle,shubhz_07,1045,shubhz_07,1497
bps,bps,1207,b_pratap10,1497
parth_gpta,parth_gpta,1368,parth_1006,1497
sakib007,sakib_reza,1609,sakibreza,1497
i_think,i_think,,i_think,1497
miltonbhowmick,miltonbhowmick,,miltonbhowmick,1497
adityadangayach,adityadangayach98,931,aadi1515,1496
prashanth018,prashanth018,961,prashanth018,1496
jainaditya1408,jainaditya1408,1249,jainaditya1408,1496
shamim03,shamim03,1433,shamim003,1496
codeblocks,bitcodeblocks,1476,codeblocks,1496
shubham7507,18bcs2312,,shubham7507,1496
vinayb21,vinayb21,,vinayb21,1496
mishravimal998,,,mishravimal99,1496
Rian,rian_5900,,noob_2,1496
ISMAIL_HOSSAIN,ismail_hossain,,ismail_102,1496
vishveshcoder,,,vishveshcoder,1496
minhajadil,minhajadil,847,minhajadil,1495
komalmaxflow7,maxflow7,912,maxflow7,1495
raidenblackout,raidenblackout,1229,drekofrenzy,1495
master19,master19,1410,master19,1495
aajjbb,aajjbb,1477,aajjbb,1495
pulkit_yadav29,pulkit2000,,pulkit_yadav,1495
shreyash,shr3y4sh,,shreyashlrn1,1495
abhinay_76,abhinay_76,,abhinay_76,1495
Pk1508,pk1508,,p_k1508,1495
hitesh_8,hitesh_8,,hitesh_8,1495
prolearner1,srshubham77,881,srshubham77,1494
Thor_1999,coder1999,1072,bionic_coder,1494
YousufRaza17,yousufraza,1219,yousuf_raza,1494
Sorrow_boy,sorrow_boy,1245,rama_9,1494
rocklee,imkaushik,1455,loserr,1494
00harshjain,00harshjainjain1,1500,harshjain001,1494
pradyum_bansal,pradyum_bansal,1659,pradyum007,1494
rafidshahriar,rafidshahriar,,rafid211,1494
badcw,badcw,,badcw,1494
imshivamdwivedi,imsd_14,,imsd_14,1494
sushovan,sushovan,,sushovan_15,1494
subahan983,,,subahan786,1494
pantho,pantho,,pantho,1494
hootingsailor,hootingsailor,,hootingsailor,1494
yugandhar7236,yugandhar7236,375,yugandhar7236,1493
MSab6ir,msab6ir,697,msab6ir,1493
KavyaKandhway,erstwhile,1455,kavya_kandhway,1493
nav_yeah,nav._.yea,1534,nav_yeah,1493
manoj0606,,,manoj0606,1493
kanisshka,kanisshka,,kanisshka,1493
mkv,mkvjh,,mkvjh,1493
true_fragrance,true_fragrance,867,true_fragrance,1492
Tatsuya,mabu1,1004,dr_stone123,1492
JakLee,jaklee,1031,jak_lee,1492
hritulagrawal,hritul,1036,hritulagrawal,1492
Kishan,kishan,1214,kishan_75,1492
karan227,weedycoder,1261,karan227,1492
grg124,grg124,1324,grg124,1492
ayushcode05,ayushcode05,1342,ayushcode05,1492
mugdhasamiul,samiul_mugdha,1365,mugdhasamiul,1492
kk_ban,kk_ban,1406,kk_ban,1492
spyd3r,kjoshi_,1446,kamleshjoshi,1492
sunnyc21,sunnycarlos,1604,sunnyc21,1492
saurav_ksharma,saurav_ksharma,1704,saurav23aug,1492
roar00,troubleman,,roar00,1492
sahaun,sahaun,,sahaun,1492
Aishwarya_Dinkar_Dalal,aishwaryadalal24,,aishwaryadalal,1492
chakri_007,chakri_007_,,chakri_007_,1492
s_u_bhash,s08051999,,s08051999,1492
Haritha_donavalli,haritha_d,,haritha_d,1492
mahir,lazym,,mahir92,1492
GrasshopperPawns,redrook707,685,mr_edward2001,1491
rabhi1611,rabhi1611,934,rabhi1611,1491
lvl999noob,lvl999noob,1105,lvl999n00b,1491
b_k08,bkaur,1231,b_k08,1491
Banjara07,infinito_,1629,banjaara007,1491
dekacc,dekacc,,dekacc,1491
khaled001,khaled001,,khaled001,1491
humble_fool46,humble_fool46,1070,humble_fool_46,1490
tanishqsinghai,tanishqsinghai,1119,tanishqsinghai,1490
mehediist,mehedi.cm,1128,mehedi706,1490
tmt02,mu_mimo,1178,tmt02,1490
limo_756,limo_756,1433,limo_756,1490
ankit_StopStalk,unknown_user11,,ankit18396,1490
sajjad_99,sajjad_99,,sajjad_99,1490
guddan,guddan,,rajvip,1490
tilara,tilara,,tilara,1490
sir_mbstu,robinmbstu11,,robinmbstu12,1490
lionel,roman111,,roman111,1490
sathwik238,sathwik238,,sathwik238238,1490
ayushkesarwani786,ayushkesarwani,1377,ayushkes0321,1489
sohel_sec,sohel_sec,,sohel_sec,1489
rafiul41,rafiul_41,,rafiul41,1489
sachin793,sachin793,,sachin793,1489
Ariful_farhad,ariful_farhad,,ariful_farhad,1489
Shahan_362,mahmudul_karim,913,shahan36222,1488
kartikchauhan,kartikchauhan,975,kartik4020,1488
anandks,anand-k-s,1114,anandks,1488
sidne,sidne,1493,sidne,1488
rakib_cou,rakibul_islam_cou,,rakib_cou,1488
vinay25mit,vinaymit,,vinay25mit,1488
raj0028,raj0028,,raj0028,1488
sultan11,sultaneele,,sultan11,1488
amp1590,arunima1590,,amp1590,1488
akshaygugly123,akshaygugly12,411,akshaygugly123,1487
Priyanshugupta12,imgupta132,674,priaynshu7055,1487
rawsome24,rawsome24,1022,raw_some,1487
lucky1305,anshuman1305,1052,lucky1305,1487
jovial_3,jovial3,1145,asppanda123,1487
DurgaPrasad_Tulugu,t_durga_prasad,1172,durgaprasad544,1487
Mamun01,sahal01,1204,come_back01,1487
Manik,manik_garg,1216,manugarg2000,1487
robayedl,robayedl,1221,robayedl,1487
arnab_9997,i_love_kajal,1231,arnab_9997,1487
wimpywarlord,wimpywarlord,,wimpywarlord,1487
mshingote,mayurbabasahebshingote,,mayur_shingote,1487
akashkumar,akashkumar,,akashkumar2,1487
_Tani_,_Tani_,,tanmay_sachan,1487
Speedtail15,bandaudi,935,rahul158_,1486
aman0311,aman0311,1046,aman2290,1486
Kanta_70,kanta_70,1142,kanta_70,1486
kishynivas1996,kishynivas1996,1316,kishynivas_13,1486
tushartaluja,tushartaluja,,tushartaluja,1486
avinashpayak,avinashpayak,,avinashpayak,1486
alreza,alreza203267,,gr_alreza,1486
ved007,vedonice,716,vedonice007,1485
Night_Walker,vedonice,716,vedonice007,1485
avatar_7,avatar_7,1029,avatar_7,1485
bhavya1902,from_b_to_binary,1095,bhavya1902,1485
hsharsh,hsharsh,1346,hsharsh,1485
ateev_mishra7,ateev_mishra7,,ateevmishra280,1485
sejalfarkya,sejalfarkya,,sejalfarkya,1485
mgumber909,mgumber909,,mgumber909,1485
siddharth201820,sid_dharth_11,,sid_dharth_11,1485
Tonmoy_B,tonmoy_b,821,tonmoy_b,1484
deepakrajput983,deepakrajput983,905,deepak983,1484
lakshay0501,lakshay.arora,1087,lakshay0501,1484
TheLoneWolf,coding_duck,1170,coding_duck,1484
onemanarmy111,deepak.kumar.mat14,1393,onemanarmy111,1484
barnwal_1503,barnwal_1503,1423,barnwal_1503,1484
ayush_45,ayush_45,,ayushkumar_21,1484
ramini1996,ramini1996,,ramini,1484
durgeshwari_22,durgeshwari,,durgeshwari22,1484
nehil_82,nehil_82,,inducer82,1484
_aman_kothari,_aman_kothari,483,aman_kothari,1483
hemanntth__5,hemanntth__5,805,hemanntth__5,1483
dead_vaap,dead_vaap,879,coder1602,1483
karan650,karan650g,1001,karan650,1483
MazharulIslamRiaz,riazahmed,1049,mazharulislam,1483
hanzala,hanzala,1069,han_so,1483
Suhaib,suhaib998,1171,suhaib395,1483
z4pp3rZ,sat7978,1304,mib7978,1483
lafifi,lafifi,1563,fiorella2709,1483
mytheus,mytheus,,nikith_ganga,1483
__RaiyaN__,__raiyan__,,raiyan_98,1483
kripajha007,kripashankarjha7,,kripa_jha007,1483
himank_kalal,himank.kalal,,himankkalal,1483
tripathi152335,tripathi152335,,tripathi_27917,1483
F_A_R_Akil,f_a_r_akil,,akil080,1483
vivekhirpara8,,,vivekhirpara8,1483
cj_1412,cj_1412,1013,cj_1412,1482
Mizan,sleeporsmile,1174,mizan2,1482
RishabhShukla,mysterrishu,1252,myster,1482
Batman_Beyond_936,batman_beyond_2802,,sugstar123,1482
perezjehan,abkshanu,,abkshanu,1482
Coder_15,manvi.neekhra,,manvi_15413,1482
dkumarsw7,rockd07,,dkumarsw7,1482
rajethanm4,rajethanm4,,vardhan4257,1482
kavya_anjali,rangaseelikavyanjali,,kavya96520,1482
parmarrinila2002,parmarrinila2002,364,parmarrinl2002,1481
shalini26,shalini26,848,shalini264,1481
kss21,kartiks2503,984,kartiks25,1481
subhamkp,subhamkp28,1007,subhamkp28,1481
harshita,harshita.nit,1181,harshita791,1481
AK_7621,ak_7621,1227,ak1491702,1481
pacemaker_yousuf,pacemaker_yousuf,1304,manikyousuf,1481
akhileshsirohi,akhileshsirohi,1312,asirohi,1481
NakshatraSachan,sachan_nakshatra,1321,nakshtrasachan,1481
nurseyit,Nurseyit_00,1661,nurseyit,1481
hitesh_ahuja,hitesh_ahuja,,hahuja1199,1481
yota_pankaj,yota_pankaj,,pankaj_2000,1481
perpetualVJ,perpetualvj,,perpetualvj,1481
PRADEEP_RAJ_SAVARAPU,,,sl4297,1481
nikhil_175,nikhil_175,862,nikhil_175,1480
irham093,irhamul_islam_pranjal,865,irham093,1480
tushar__01,co_destructor,938,sainitushar01,1480
mohammad_saad,sa_ad,1067,executoner5440,1480
kunalsrivastav,kunal_srivastav,802,kunal_srivast,1479
si88hant,si88hant,864,si88hant,1479
avinash_ujjain,avinash_ujjain,1116,avinash_ujjain,1479
NibirJoydhar,nibirjoydhar,1174,nibirjoydhar,1479
archit_akg,archit_akg,,archit_akg,1479
Avess,avess,,avess_02,1479
Abhijeetkns,abhijeetkns,,abhijeetkns,1479
skaul05,skaul05,1051,skaul05,1478
svr8,svr8,1106,svr8,1478
ritikm04,ritikmathurmay,1220,ritikm04,1478
HarryPotter2506,dhruv2506,1227,dhruv2506,1478
anonymous27,_nan__,1406,thakur_5104,1478
tushargupta4870,tushargupta4870,,tushar_gupta02,1478
Rrdesh07,rrdesh07,,rrdesh_07,1478
codehunter666,codehunter666,,chetan_1314,1478
darshjain,darshj786,,darshjain,1478
VatsalBhatt_11,vatsf_11,,vatsal_1111,1478
mukund007,mukund007,885,mukund007,1477
maraz_mia,maraj262000,980,maraz_mia,1477
00arpit00,00arpit00,1039,arpit0000,1477
atish1999,atish1999,1184,atish1999,1477
natsu18,18bhupenderyadav,1414,bhupender18,1477
Captainutkarsh007,captainutkarsh007,,captainutkarsh,1477
Ash_Planet,zodiac_04,,rs2012,1477
Art_ash_105,zvezda_5060,,art_01,1477
gauravdalvi2012,gauravdalvi2012,,gauravdalvi20,1477
Avinashz14,nithost16,768,nithost_16,1476
rajan739133,raj739133,976,rajan739133,1476
hridhon,hridhon,1179,hridhon,1476
Pri4ce,rajkumar,1226,pri4ce,1476
gourabb,from_bangladesh,,gourab19,1476
madcoder,,,sudhatks,1476
zihadboss,zihad18,888,zihadboss,1475
vikash_kr,vikash_kr,965,vikash_kr,1475
Z3RO_O,z3ro_o,1029,z3ro_o,1475
kksingh715,gkkk,1108,gkkk,1475
ArthiDa,arthi73,1161,arthida,1475
badsha12,bafay,1273,badsha_faysal,1475
thegiantkiller_9,reetik,1901,reetik1999,1475
roslinmahmud,roslinmahmud,,roslinmahmud,1475
_ria,_ria,,ria307,1475
pulkit_287,pulkit_287,,pulkit_287,1475
vasisi1379,mradulbohra,924,mradulbohra,1474
turjo997,turjo97,951,turjo97,1474
stopperbye,code_master19,979,code_master19,1474
drjaat,drjaat,1077,drjaat,1474
subhamskm,subhamskm,1256,subhamskm,1474
ajit_garg,ajit_1,,ajit_1,1474
piyushpky,99pky99,,piyushpky,1474
nishantr,nishantr,831,rnishant,1473
badhon_11,badhon11,999,judas11,1473
abhi2k20,cpharderthandarksouls,1058,its_abhijeet,1473
systemflaws,systemflaws,1058,systemflaws,1473
Smriti_Gupta_22,smriti_gupta,1114,smriti_gupta22,1473
Slow_Motion,slow_motion,1198,mdreaz,1473
UI_OMEN,ui_omen,1215,uiomen,1473
osho_agyeya,osho_agyeya,1301,osho_agyeya,1473
omega99,omega99,1377,omega_99,1473
crusader300,crusader300,1425,crusader300,1473
usvsnsp,usvsnsp,1518,usvsnsp,1473
Bacura,rpd-strike,,rpdstrike,1473
alankrit_singh_1,alankrit_singh_1,,morgo,1473
Ohi1087,ohi1087,,oho1087,1473
hassanmdsifat,hassanmdsifat,,hassanmdsifat,1473
gourango_modak,gourango_modak,717,gourango_modak,1472
R_Raihanur,raihanur_r,1556,raihanur_420,1472
zyloc,zyloc,,zyloc,1472
shr22,null_28,,okok_28,1472
mnshsh07,mnsh_,,manishsarswa,1472
eziosam,eziosam,,eziosam,1472
Azmee,azmee,,azmee,1472
prateek1,prateek151,680,code_1st,1471
Shruti12,shruti12,741,shruti__1209,1471
rt2700,rt2700,847,rt2700,1471
Shriiar,shriiar,973,shriiar,1471
Benjamin_Engle,royastik27,1366,royastik27,1471
belal_cse,belal20,1367,belal_cse,1471
deepak_5960,deepak_sliet,1396,dks11001728,1471
ash_13,ashay_nayak,,ash_13,1471
DishenMakwana,dm04,,dishen,1471
rahul_mishra01,2012ecs01,,rahul_mishra01,1471
hemanth_5585,hemanth_5585,731,hemanth_5585,1470
realme72,pyaar_do_pyaar_lo,852,gg_72,1470
Tamjid_Islam99,tamjid_islam99,1072,tamjid_99,1470
arafat_hasan,arafat_hasan,1231,arafat_hasan,1470
faceless_void,pariz0,1299,faceless_void,1470
saju,juniper,,sadekujjaman,1470
Fammo,fatemehmohammadi,,bdmahani,1470
tanvir___ju,tahmed,,tanvir_ju,1470
akanksha_lal,thewizlady,,thewizlady,1470
HelloThapa,shivank96,,shivank96,1470
Samaresh,samaresh,,samaresh_ms,1470
KishanMishra1,cse_190310106,359,cse_190310106,1469
s_h_rudra88,s_h_rudra88,943,s_h_rudra88,1469
nikhilmani25,nikhilmani25,959,nikhilmani25,1469
mahtabtanim,mahtab_tanim,993,tanim018,1469
Himanshu106,himanshu106,1439,hishu106,1469
mahadi97,mahadi97,1657,mahadi97,1469
vvk05,vvk05,,vvk05,1469
guttsman,gustavoguerra,,gutts,1469
AVmktl,avmktl,,lakshya_25,1469
deidzen,deidzen,,deidzen,1469
Kuxha,kuxha,1014,kuxha,1468
ChasedByDeath,chasedbydeath,1234,chasedbydeath,1468
nafis0014,nafis._.islam,1253,nafis0014,1468
saqlain1,saqlain_-,,saqlain7,1468
deepcoder_B,deepcoder_b,,deepcoder_123,1468
aditya76,aditya76,,aditya76,1468
shivangsrivastava__,shivang9369,775,shivang_2123,1467
ayushvaish2511,ayushvaish2511,921,ayushvaish2511,1467
ajaydangi2312,ajaydangi,1019,ajay23122,1467
TerminalWarlord,terminalwarlord,1080,jaybeeop,1467
rusrushal13,first_ranger,1156,rusrushal13,1467
sankranthi,sankranthi,1402,sankranthi,1467
chick_magnet,chick_magnet,1752,rohitpal210,1467
vicrant,_s1mple_,,vicrant,1467
vedant,,,vedant_2406,1467
Pallavi_kapoor,paku11,919,paku11,1466
manoj_mi5,amanoj271,1100,amanoj03,1466
soul_mortal,adarsh__786,1136,adarsh__786,1466
vatsalkesarwani1201,vk_boss,1173,vk_boss,1466
syntaxhacker,syntax_hacker,1194,syntaxhacker,1466
rt_roxxxx,rt_roxxxx,1342,illogical_at_p,1466
mo11,hasanxack,1409,mo11,1466
sjteckers,sjteckers,,sjteckers,1466
gtgstg,gtgstg,,gtgstg,1466
PrasanthGuvvala,rowingpy,,cs_1,1466
pk_97,pk.97,,palash_240997,1466
TRILOK,trilok363,809,ttrilok363,1465
vs_coder,vs_codee,878,vs_code,1465
vs_code,vs_codee,878,vs_code,1465
9643kavinder,9643kavinder,963,kavinder_p,1465
maycod23,maycod23,1236,maycod23,1465
VASUGARG25,vasugarg25,,vasugarg25,1465
Shivam0704,shivam6,902,shivam07042004,1464
theshivamchand,theshivamchand,954,theshivamchand,1464
Lu_Mahed,lu_mahed,1000,lu_mahed,1464
PuBi,arch_7,1057,pubi_17,1464
walissonpj,walissonpj,1135,walissonpj,1464
pranav_63,pranav_63,1308,pranav_63,1464
hail,raden,,aeonsshubham,1464
ankit_bws,thegoodgaba,,ankit_bws,1464
ssonje,ssonje,,ssonje,1464
Tanjila_Joti,tanjila_joti,,tanjilajoti,1464
hackingwave,system319,,agent786,1464
9xzer0,labibalfaisal,990,faisalzer0,1463
aris12345678,aris12345,999,aris12345678,1463
aksingh007,aksingh007,1504,aksingh007,1463
h2010030494,h2010030494,817,h2010030494,1462
pks121123,pks667553,941,pks_12345,1462
Returaj,returaj0808,943,returaj0808,1462
TAJBIN,tajbin_mu,,tajbin_mu,1462
Tajbin_Jahan,tajbin_mu,,tajbin_mu,1462
Nikhil_Kumar,roman_kruger,,lm10god,1462
kamboj11,kamboj1110,,kamboj11,1462
snayan06,snayan06,,snayan06,1462
farhan61,farhan61,,farhan61,1462
ketanmehta,,,ketanmehta,1462
sauravkumar405,,,saurav2710,1462
PixelMan360,mridul360,857,mrichigo360,1461
Compass,man_in_danger,1042,compus1,1461
sandilya1599,sandilya1599,,sandilya1599,1461
AlamRishad,alamrishad,,alam_rishad,1461
AnkitAti,ankitati,,ankitati,1461
DarkLord,dark_lord_,,abhilash184,1461
sunnykr73529,sunny_kumar,758,sunnykr73529,1460
prajakta0407,prajakta04,1127,prajakta0407,1460
Rasel_brur,rasel,1243,rasel33,1460
eblabrada,eblabrada_,1518,eblabrada,1460
Subarna578,subarna578,,subarna578,1460
rohitnarayan,la_spectator,,i_napster_008,1460
amanmadan30,amanma123,,amanmadan105,1460
g_paras,g_paras,619,g_paras,1459
himanshu3198,himansh3198,846,himanshu3198,1459
Karib_Arian,wecther115,982,arian_13,1459
ChowdhuryAsif,chowdhuryasif,1059,chowdhuryasif,1459
Mahima,mahi1704,1324,mahi1704,1459
kirin,sifat_shishir,,kirin_29,1459
anmol_nit,anmol,,magicalanmol,1459
gromperen,gromperen,,gromperen,1459
Akki2200,akki2200,,akki2200,1459
snowpanther,shailesh6,,snowpanther,1459
Logan_47,ashish.singh,913,logankratos61,1458
3rr0r404,moshiurtonmoy,986,ex_plorer,1458
vishal_burman,vishal.a.burman23,1105,vishal_burman,1458
dushman,prashant12345,1195,prashantkartik,1458
Kandarp_patel,kandarp848,1311,kpatel848,1458
Ruler,giantslayer,1317,sajol001,1458
mohaimen_040,mohaimen.,1328,mohaimen_040,1458
Vlaine,vlaine,1362,rza_2003,1458
Zero_639,i_hate_myself,1456,zero_639,1458
Showstopper728,showstopper728,,showstopper728,1458
Stalker_1999,rising_monk,,v_i_v_e_k_19,1458
JavaKurious,javakurious,,jay_17,1458
shubhipathak,shubhrangi1,,shubhrangi123,1458
byte_dock,byte_dock,685,dead_lucifer,1457
kushkumar27,kushkumar27,899,kushkumar_619,1457
piyush1_20,piyush1_20,1021,piyush1_20,1457
Masterpiece_08,forbidden_bruteforce,1096,masterchef_08,1457
shishir_hstu,shishir.hstu,1197,shishir_hstu,1457
shiningflash,shining_flash,1336,shiningflash_,1457
TheLethargicOwl,ankesh,1888,lethargic_owl,1457
mohitcrew,sanket17,1991,sanket_17,1457
TLO,ankesh,,lethargic_owl,1457
nkbyahut,byahut25,,nkb25,1457
aryan1113,aryan1113,840,aryan1113,1456
isha_jindal_07,jindal.isha.2017500,850,isha098,1456
HRHabib,hrhabib,1061,hrhabib,1456
tiri,e.tirin,1159,tiri,1456
vaibhavverma9999,i_am_don,1285,vaibhavverma99,1456
aysh_agl,ayagrwl1080,,ayagrwl1080,1456
amanmanitjain,,,aman_jain1234,1456
Mo7amed_Alaa,mo3amed_alaa,,mohamed3laa,1456
ritinema23,ritinema23,,ritinema23,1456
Rishi_2402,20r21a6704,,rishikesh_2402,1456
Vikas123,vikas257429,,john_wickoo7,1456
9Name,,,patel1234praka,1456
anchal_vatre,anchal_vatre,989,anchal_vatre,1455
Shahed_955,shahed_955,1394,shahed_955,1455
Parag_AP,parag_ap,1417,parag_ap,1455
aparikhdev,arpan.parikh,1491,washerman,1455
alizainaldeen,ali.zine,1643,alizainaldeen,1455
calmachint,calmachint,1695,calmachint,1455
krishnaanaril,krishnaanaril,,krishnaanaril,1455
tadashi,pursuit_of_accepted,,niketan21,1455
excursionist,explorer,,psychofalcon,1455
amar1808,,,amar1808,1455
Hritik,hritik8,,hritik88,1455
aminhossain,tripplet,896,aminhossain80,1454
mehedisam,mehedisam007,939,mehedisam,1454
jagrit_07,jagrit_07,1178,jagrit_07,1454
rbiswas876,rahulbiswas876,1214,rbiswas876,1454
vikeshkr_123,vikeshkr123,1284,vikeshkr123,1454
michaellin250,michaellin250,,michael_123,1454
RHN,_raihan,,rhn_333,1454
nikhilraj_767,nikhil_raj767,,nikhil767,1454
manuj777,manuj777,,manuj777,1454
1.90E+08,radhampaurana,710,radha_paurana,1453
techbd123,techbd123,1429,techbd123,1453
may_21,may_21,1614,chaudhary21,1453
adarsh000321,adarsh000321,,adarsh000321,1453
nishu112,nishu112,,nishu112,1453
sushanth,sushanth1999,,gupta1999,1453
ritik_raj_sharma_09,ritik_09,956,ritikrajsharma,1452
nayeem_bd,nayeem_bd,1201,nayeem_bd,1452
siddharthkwani532,siddharthkwani532,1346,sid_coder5320,1452
player007,player007,1436,player007,1452
Miran12,miran12,,miran123,1452
sankalp29,sankalp_29,,sankalp_2924,1452
mnyplt,mnyplt,,mnyplt,1452
Yakub_Sadlil_Seyam,yakubsadlil,,seyam_sadlil,1452
manthan4659,manthan4659,,manthan2000,1452
PRIYANSHU_21,p.gautam_21,794,goatx3o,1451
shubh_3,shubh_30,833,shubh_3007,1451
hamid42,hamid42,839,hamid42,1451
tamimjdd,tamimwasif,920,tamimjd,1451
gauravdatt2000,gauravdatt2000,980,gauravdatt2000,1451
AR,abdur_rahim,1306,perfect_man,1451
karanjobanputra,karanjobanputra,1477,kjobanputra,1451
belowthebelt,belowthebelt,1653,belowthebelt,1451
vaibhav_verrma,vaibhav.verrma,,vaibhavverma84,1451
Fahad_2240,fahad250,,fahad_2240,1451
Namanr_21,namanrastogi.coding,805,namanr_21,1450
Pk_21,pankajkumar21,831,pkcoding21,1450
apurba_debnath,apurba_debnath,842,apurba_debnath,1450
pallab99,_pallab_99,983,pallab99,1450
anjalimanocha30,anjali_manocha,1292,nosear,1450
shiv4s,shiv4s,1492,shiv4s,1450
ankitmb125,abhadage,1501,ankit_125,1450
bhaskarswap143,bhaskartripathi2512,,bhaskarswap143,1450
mehedi17n,mehedi17n,,mehedi17n,1450
sumonta056,mr.scrappy,,sumonta056,1450
Dipongkar,dipongkar,,dipongkar97,1450
Kritipandey,kritipandey,,kritipandey18,1450
rajat2502,rajatverma2502,903,rajat2502,1449
sms556,md_sifat,1018,sifat_191,1449
R_Square,r-square,1834,r_square84,1449
Praveen241598,babucoder_praveen2415,,praveen241598,1449
eakub_islam,eakub_islam,,eakub,1449
samshad_ru,samshad.ru,943,samshad,1448
zweack,zweack,1177,zweack,1448
ikpappu,istiakpappu,1238,istiakpappu,1448
G_a_l_a_x_y,c_jack_sparrow,1348,g_a_l_a_x_y,1448
mat4x,,,mat4x,1448
vjcp,vjcp,,vishaljindal26,1448
jahan5477,jahan5477,,jahan5477,1448
ShivamGarg30304,shivamgarg30304,,shivam30304,1448
razdeep,razdeep,1010,razdeep,1447
sachinpl,excavanger,1139,sachin619,1447
i_m_raju,rajukumarbhui,1200,rajukumarbhui,1447
azizulhakim_f,azizulhakim.f,1661,azizulhakim_f,1447
Wasi_Ur,wasiur987,,wasi_567,1447
Emily,emily50,,emily50,1447
jhonsnow456,rukahtnama,,jhonsnow456,1447
Deepak_2000080176,deepak_deepu007,,dee_2000080176,1447
Muallem,avinashvarpeti1,,avi0798,1447
sagor_das,sagor_das,,sagor_das,1447
rohitzerofour,rohitzerofour,,rohitzerofour,1447
ssp3edy,sspeedy,975,ssp3edy,1446
quazi_adib,exception,1069,quazi_adib,1446
istiak_sifat,istiakahmedsifat,1417,istiak_sifat,1446
Z_Rony,cal_cifer,,z_rony6,1446
ak67373,bizarro,,ak67373,1446
jyotikm1801,jyotikm1801,,jyotikm_1801,1446
AlexOp,__shahadat__,,shahadat_43,1446
karansinha,karansinha,1097,karansinha,1445
shadman_shihab,shadman_shihab,1112,shadman_shihab,1445
derrick20,derrick20,2100,derrick20,1445
Samina_01,sloan-saminac,,seraphic24,1445
Samina_001,sloan-saminac,,seraphic24,1445
o_panda_o,o_panda_o,,o_panda_o,1445
pal550,sudipta550,1024,sudiptapal550,1444
nadimnesar,nadimnesar,1231,nadimnesar,1444
evalir,evalir,1303,evalir,1444
IstiaqueShubho,istiaque,,istiaque33,1444
dhananjaykajla,dhananjaykajla,,dhananjaykajla,1444
aarafathh,arafath,,arafath123,1444
avanish981,avanish981,,avanish981,1444
nile_101,nile_101,,nile_101,1444
Nahidul_Islam_Sayel,nahidul123,758,nahidul_islam,1443
sandeep0209,sandeep0209,884,sandeep0209,1443
Saima_LU,umme_saima,1041,ummesaima_18,1443
asmita_19,asmitagaurikhan,1045,asmita_19,1443
YashMnC,yashmnc,1158,yashmnc,1443
surajnh143,surajnh143,1366,surajnh143,1443
finvic,finvic,1372,arch1902,1443
lone__warrior,lone__warrior,899,lone__warrior,1442
Yamin_Arafat,_yamin_arafat_,1007,yaminarafat032,1442
mohi07,mohi07,1076,mohi07,1442
urmy_cse_brur,urmy_cse_brur,1085,urmycsebrur,1442
nike_97,niketan.nath,1127,niketannath,1442
Ryuuk,ryuuk,1566,ryuuk,1442
hitman264,hitman264,1633,yashrsharma44,1442
amirhamza05,amir_hamza05,,hamza05,1442
zulqarnayn,target2018,,zu1qar99,1442
shiva_,shivoham,,viren_sureja,1442
sparsh27,dear.sparsh,,sparsh27,1442
Catalyst_71,catalyst71,,catalyst71,1442
saurabhpanwar992,sarahpanwar992,868,saurabh_6399,1441
md_al_amin,back_bancher.code,1003,md_al_amin,1441
nayeem2021,nayeem2021,1022,nayeem2021,1441
Md_Safiqul_Islam_Nasim,nasimnoob,1066,nasim_noob,1441
peeyush24,peeyush24,1121,peeyush24,1441
ayush73,ayush_73,1158,ayush73,1441
yogesh_1_2,yogesh_nazi,1626,yogesh_1_2,1441
Jerry2001,jerry2001,,ngohongphuc,1441
adarshjena02,adarshjena02,,adarshjena02,1441
dranzer_blaze,dranzer_blaze,,dranzer_blaze,1441
ashu121,ashu326,920,ashu326,1440
maityamit,maity_amit_2003,951,maityamit,1440
mehakc07,mehakc07,1249,mehakc07,1440
aditya28_221b,adiforluls,1426,aditya28_221b,1440
The_Wolf_17,code_breaker,,abhi_185017,1440
IBatJ,ibatj,,ibatj7,1440
IM_ShanTO,imshanto,,im_shanto,1440
Vishal__25,vishal_25,,vishal2222,1440
Asiful,__asiful_sourav__,,asifu201,1440
maksudalamrony,maksud_alam_rony,1031,nr56,1439
nitishniraj4472,nk0183828,1182,nkniraj_12345,1439
NadmanKhan,nadmankhan,1438,nadman_khan,1439
Asif_Watson,asif_watson,1501,asif_watson,1439
ananthv,ananthvasanth,,ananthv,1439
nishee0521,nishee0521,,nishee0521,1439
shuhag7613,chandler970,985,fumikage,1438
imabhi786,imabhi786,1209,imabhi786,1438
akshaykumars10,akshaykumar97,1313,akshaykumars10,1438
joydip007x,joydip007x,1337,joydip007x,1438
rajrk2024,rajesh.raj2356,,rajrk2024,1438
MewAtomic,mewatomic,,mew_atomic,1438
manasa_manu,manasa_manu,,manasa_manu,1438
The_An0rack,an0rack,352,an0rack,1437
attttt,imcomparable_17,578,atttt,1437
ay_mon,uzumaki.d.aymon,901,raiju,1437
hmnsh_sngh,hmnsh,1032,lelouch1995,1437
ashish1936,ashishpatna1936,1128,ashish7542,1437
vtnahve_09,dushman1029,1150,kgkarode930,1437
neel1603,tukai,1173,neel1603,1437
lazyakshay,lazyakshay,1261,lazyakshay,1437
Scientificuber,scientificuber,1283,scientificuber,1437
sukhad,sukhad.anand,1294,sukhadspoj,1437
smehedi,c1mehedi,1333,chefmehedi,1437
jakir_sust,jakir_sust,1462,jakir_50,1437
syed_jafrul,syed_jafrul_husen,,syed_jafrul,1437
mahfuz007,sparrow,,mahfuz007,1437
manik_59,manik_59,,manik_59,1437
7ashish7,77ashish77,,ashish_7777,1437
IMON193066,imon193066,,imon193066,1437
vivtej_411,vivekteja4,,vivtej411,1437
sonu_2462,hpc2462,831,sonu_2462,1436
m_10984,m_10984,939,manilal_1084,1436
puneeth_rdy777,puneeth321,967,puneeth321,1436
a007k,a007k,990,a007k,1436
jaspreetsingh145,jaspreet_singh.,1067,jaspreet145,1436
dnhirapara,dnhirapara_,1287,dnhirapara,1436
shawon_majid,shawon.majid,1317,shawon_majid,1436
coder_handle,coder_gautam,1389,gautam001,1436
akarsh22,akarshkatiyar2016,,akarsh2003,1436
kittu_7112000,kittu_7112000,,kittu2000,1436
silliePy,harshitt_07,,harshitt_07,1436
king_juno,king_juno,831,king_juno,1435
DeathcallXD,deathcallxd,929,deathcall_xd,1435
17sanjana,17sanjana,1256,sanj17_ana,1435
abhishekvr12,abhishekvr12,1348,abhishekvr12,1435
lovecode_ap07,lovecode_ap07,,runcode_ap07,1435
Deadly_Smile,deadly_smile,,serious_noob,1435
hey_there_hi,aramun_haesulla,1208,rausnk,1434
ezaz_nitd,ehs025,,ezaz21025,1434
aarkayfk,nam_gyu_mania,,rausnk,1434
Tasnim_Meem,tasnim_meem,,merida_meem,1434
unknownSK,unknownsk1504,,suryatibrewal,1434
Bench_warmer1007,hmankodiya,873,hmankodiya,1433
sowmik_sec,ahsan_habib_sowmik,940,habib_sowmik,1433
harshmetkel24,harshmetkel24,1142,harshmetkel24,1433
AR_RAHAT7,ar_rahat7,1188,ear_7,1433
saiham,saiham,1213,coderabi,1433
Riaj_Uddin345,_hridoy,1493,riaj123,1433
kamrul1157024,kamrul1157024,,kamrul1510054,1433
SagarBarman,noob_sagar,,noob_sagar,1433
riju_03,tamal03,711,riju_03,1432
Oyshik,oyshik_ict,870,oyshik_123,1432
raj10361,raj10361,1277,raj10361,1432
vbv_2312,vbv2312207,1299,vbv2312,1432
mriganga_10,mriganga_10,1618,mriganga_10,1432
johnjq,johnjq,2003,johnjq,1432
sasank_varma,sasank_varma,,sasank_2506,1432
Harshezi,harshezio,,harshezi,1432
Faisal_Al_Mamun,faisal_al_mamun,1134,faisal1996,1431
guptaayushi9,guptaayushi9,1183,guptaayushi9,1431
cs018_aishwarya,cs018_aishwarya,1212,cs018_aishwary,1431
short_circuit01,64_bits,,short_circuitm,1431
Tumatij,tumatij,,tumatij,1431
2.00E+09,,,klu_2000031514,1431
human04093,rumman93,961,human04093,1430
the_annoying_,the_annoying_,1112,the_annoying_,1430
Lance_HAOH,lance_haoh,1242,lancehaoh,1430
Diwanshu885,diwanshu885,1250,diwanshu8850,1430
sabbir_bd,sabbir_alam,1316,sabbir_alam,1430
sditi_ahreya,shre_yaaa,1617,ad1t1_10,1430
aquatiko,rohit970819,,aquatiko,1430
sajal193,sajal193,966,sajal193,1429
pikkupr,pikkupr,988,pikkupr,1429
aizen,danyaizen,991,dany13,1429
ARFprince,arfprince,1000,arfprince,1429
rimram,munns,1298,krab,1429
rubick,rubick,1357,rshantanu,1429
mdmub0587,md.mubasir,1409,mdmub0587,1429
yuvi2701,yuvi2701,,yuvi2701,1429
noob_coder999,ankit_reigns999,,ankitreigns999,1429
raghav_vasdeva123,,,raghavvasdeva,1429
arittra51,arittra202,788,avishek_201,1428
anand_9,anand_9,1210,anand_9,1428
altair94,altairashish,1249,altairashish,1428
arpit_1211,arpit_1211,1465,arpit9667,1428
mshokry10,mshokry10,1529,mshokry10,1428
dgcnz,dgcnz,1632,dgcnz,1428
Kumaramit,a_continuum,,kumaramit2000,1428
anjali1410,anjali1410,,anjali1410,1428
Manya_1802,,,manya_1802,1428
tpmsh,tpmsh,,tpmsh,1428
VarunJ,varunj,,varun_nsit,1428
Shivang530,gamer_shivang,402,gamer_shivang,1427
hola_ms,hola_ms,1006,hola_ms,1427
MirnaMuhammad98,justmonika,1584,mirna98,1427
krishnayadav,krishnayadav1,,krishnayadav1,1427
Tharianthomas467,,,tharian123,1427
llxSKyWALKeRxll,llxskywalkerxll,,llskywalkerll,1427
Z3R0_DAY,z3r0-day,845,nabil_47,1426
warhammer327,warhammer327,848,warhammer327,1426
Rahul0007,rival_r,875,crystal_code1,1426
tao73bot,__taohid,994,tao73bot,1426
RafayethRafi,rafayethrafi,1047,rafayeth14,1426
12241,kusm,1408,lalka,1426
emrulk1,undefinedderivative,,emrulk1,1426
RohanPark,rohan_park,,rohan_prakash,1426
roshan_kr1998,roshan_kr1998,,roshan_kr1998,1426
VishalRai2002,raivishal261252,880,vishalrai2002,1425
nirjhor_n1,ahmadnirjhor,907,nirjhor_n1,1425
tanjiraj,tanjiraj,1052,tanji_raj,1425
Eisenheim_kakarot,eisenheim_kakarot,1380,wasifsadaf,1425
rising_entropy,rising-entropy,,rising_entropy,1425
my_codes,double-agent,,asad_limit,1425
sachin_8720,sinu93065,,sachin_soni,1425
sam01,sameeksha01,,sam_321123,1425
supershivam13,supershivam503,,supershivam13,1425
Hiren_xx,hiren_xx,723,hiren_345,1424
karan_1244,karan_1244,778,karan_1244,1424
rajat_jain21,rajat_jain,927,rajat_jain,1424
Ddshotaman,ddshotaman,961,ddshotaman,1424
SaFayeT_RaFi,safayet_rafi_26,1144,safayet_rafi,1424
maratha,maratha,1160,ajay_35,1424
Youssef_Ali,youssef_ali,1196,youssef_ali,1424
masudur_rahman,masudur_rahman,1355,masudur_rahman,1424
amanydv,amanydv20,,aman3231,1424
dn,dnverma,,dnv1,1424
hacke_r,dnverma,,dnv1,1424
mohibur_cou,mohibur_cou,1071,mohibur_cou,1423
Dr_Beast,_one_for_all_,1220,shinigaami,1423
anshmn,anshumann,1807,anshmn,1423
joseacaz,joseacaz,,joseacaz,1423
durbin,durbin,,durbin,1423
charitha_2016,charitha_2016,861,charitha_2016,1422
mystery,mystery27,1035,shubham_2797,1422
Angsuman,angsuman,1264,bengali_ragnar,1422
architgoku13,archit_13,1319,architgoku13,1422
realyogendra,realyogendra,1473,realyogendra,1422
KishoreBabu,anonymousamigo32,,anonymousamigo,1422
Tanvir_Ahmmad,tanvir_ahmmad,,tanvir_33,1422
tejas_512,tejas_soni512,,tejas_ranpara,1422
Old_Kernel,geraltofrivia,,array_,1422
ashiknur,ashiknur,1400,ashiknur,1421
Sricharan16,charan007,,vsricharan16,1421
tejas.pandey,tejas.pandey,,pandeytejas,1421
md_tasrik,md_tasrik,,md_tasrik,1421
fatalprodigy,fatalprodigy,,fatalprodigy,1421
true_saiyan,true_saiyan,,ayush571995,1421
sschakraborty,sschakraborty,,sschakraborty,1421
piyush4542,piyush4542,,piyush4542,1421
mjay4,mjay4,,mjay4,1421
singhmolly,singhmolly,,singhmolly,1421
immortal_18,immortal_18,874,im_mortal_18,1420
trq856,trql,884,trql,1420
ajoysrju,void_main,1053,ajoy_28_384,1420
suyash2702,h00die,1246,suyash2702,1420
debajit_15,debajit_15,1564,debajit_15,1420
hordoya99,oijjiedji,,introvert99,1420
SadrulToaha,sunwalker.,,sunwalker_,1420
Prashant6532,prashantjagtap6532,,prashant096,1420
mankadnandan,mankadnandan,,mankadnandan,1420
ushakiran_m,,,ushakiran_m,1419
18jad,18jad,799,jadyh,1418
nishant_13763,nishant_b190427cs,858,nishant_14763,1418
avanik,avanik,904,avanik_1,1418
vasanthgk02,vasanthgk02,976,vasanthgk02,1418
Nazmul_HSTU,nazmul,1005,nazmul_moon,1418
shilwant,shilwant,1023,shilwant,1418
Ajij120386,i_am_eating_tle_and_wa,1087,ajij120386,1418
senshi2504,nbz_11,1270,nick_007,1418
abdulhalimchy,smooth_hunter,,abdulhalimchy,1418
drifter,drifter_kabir,743,drifter_pust,1417
frog_20,goldeneye534,763,darkhorse_2064,1417
ringku_,ringku_,1035,ringku_1,1417
uniquecoder,therealharish,,uniquecoder69,1417
Habib,imhabib,1091,habib_001,1416
ashrafulparan,ashrafulparan.,1185,ashrafulparan,1416
shivam_mnnit,shivam_mnnit,1221,excep_handler,1416
mitchell7970,absinthe,1426,mitchell7970,1416
shubhamsingla,singlashubham957,1514,shubham957,1416
lone_wolf,lone.wolf_,,yankee16,1416
Deepanshu_ch,devilxfiero,,devilx_07,1416
sanjeev30798,sanjeev_30798,,ksanjeev98,1416
ChanKat,chan_06,,katy_kat,1416
jeetu182370,jeetu182370,730,jeetu_182370,1415
Harry_30,harry_30,1316,dikshit030,1415
lzyerste,lzyerste,1447,lzyerste,1415
Ms_Hyde,aallotar,,ankulita_9093,1415
AlphaCaspian,total_eclipse,,samiatisha35,1415
Toufiq,toufiqul97,1282,toufiq_aust,1414
Avi_1999,avi_1999,1464,avinash2017,1414
Anu1999,anu1999,1488,anu1999,1414
same_lame_name,same_lame_name,1591,same_lame_name,1414
ashadullah_arif,only_arif,,ashadullah31,1414
YOYOcoder,gowithchristbrah,,cos_7777,1414
danielsam458,https://codeforces.com/profile/danielsam458,,danielsam458,1414
eta_carinae,dumm,912,s0umyajeet,1413
bugkiller_94,bugkiller_94,1152,bugkiller_94,1413
afrina_miti,afrina_miti,,afrina1,1413
dragano999,,,dragano999,1413
apoorv92,apoorv92,,apoorv92,1413
Tamim_Khan,zerr0r,879,tamim_601,1412
Rahat_Abir,rahatabir,959,rahat_abir,1412
rafi1234,rafi1234,1118,rafi1234,1412
anuragtomar2510,anuragtomar2510,1173,anuragtomar,1412
Falcon,arpitfalcon,1284,arpitfalcon,1412
prajjwal21,,,prajjwal21,1412
Israt_Jahan_R,israt_jahan_r,1045,israt_j_r,1411
mong2020,changinmong10,1135,changinmong10,1411
hvs_svh,srivastavahv,1177,hvs_svh,1411
culnitish,eatless,1260,culnitish,1411
Rohittt,rohittt,1361,rohittt,1411
rakib3141,curious_rakib,1402,rakib3141,1411
notan_07,notan_07,1422,notan_07,1411
Shoykot_R,shoykot.r,,shoykot_r,1411
klu_2200030815,klu_2200030815,,klu_2200030815,1411
Rhythm0088,rhythmsharma808,847,rhythm_08,1410
Rakibul_Ahasan,__psyche__,897,rakibul_ahasan,1410
JoyMatubber,rana_matubber,906,j_o_y,1410
Aryan_Raina,aryan-raina,1673,aryan_raina,1410
Mukul9897,mukul9897,,mukul9897,1410
tushar_ahmed,md_tushar_ahmed,,tushar_ahmed,1410
vibrant,vibrant1,,vibrant,1410
heist_111,heist_111,,vineeth__111,1410
jay123,jp007,,jpmahto123,1410
ayushkr11082001,ayushkr11082000,988,ayushkr1108200,1409
Shafayet_Tuhin,c-201121,1094,shafayet_tuhin,1409
AmanTyagi,peace_abandoner,1227,programeraman,1409
c0de_breaker,c0de_breaker,1264,c0de_breaker,1409
bogdan_ogorodniy,bogdan_ogorodniy,1889,varex_1,1409
retsmahekaj,retsmahekaj,714,retsmahekaj,1408
rahulsah123,rahulsah123,764,rahul_sah123,1408
SUPTO1,supto1,1033,supto1,1408
1804018_Nidita,u1804018,1036,nidita,1408
Luna_4444,luna_4444,1133,luna_4444,1408
DevJewel,devjewel,1394,devjewel143,1408
dar_k,dar_k,1405,dar_k,1408
Atik_,atik_,1810,m_a_r,1408
Jagadeesh19,jagadeesh19,,jagadeesh19,1408
Freeknash,nitinashu1995,,freeknash,1408
muskan077,muskan0702,1096,muskan0702,1407
KP_863,kumarpritam863,1191,kumarpritam863,1407
RafiTanim,rafitanim,1262,null12_21,1407
avnish_002,avnish_002,,avnish_002,1407
shinigami,shinigami_03,,manashvee,1407
k_m_madhav,k_m_madhav,,k_m_madhav,1407
Alpesh_Jamgade,alpeshjamgade21,,alpeshjamgade,1407
avishek_mondal,,,galpo,1407
ekrem,ekrem,2186,ekrem,1406
kasaf21,cypherk21,,cypher_21k,1406
amangoel987,amangoel9873572693,,aman_goel987,1406
mjannat,mjannat,850,mjannat,1405
yashdeep10127,yashdeep10127,894,yashdeep10127,1405
raratul15,raratul15,946,raratul15,1405
Barbarian,giyasmahmudmozahed,996,barbarian_mozu,1405
NAP,napdv,1084,nap_dv,1405
ktoufiquee,ktoufiquee,1118,ktoufiquee,1405
shameem17,shameem17,1140,shameem17,1405
Yashesh,yashesh,,yashesh_123,1405
adnan_2000,adnan_2000,715,adnan_2000,1404
indronil_prince,indronil_prince,981,indronil_89,1404
Mohimenol_Fahim,mohimenolfahim,1069,mohimenol44,1404
ghorardim,ghorardim,1259,goorardim,1404
mohit_aggarwal,mohit_aggarwal,1265,mohit_aggarwal,1404
adnansharif,adnansharif,1443,adnan2013,1404
t1war1,t1war1,1445,t1war1,1404
cridaflo,cridaflo,2089,cridaflo,1404
mukund_2000,mukund_2000,,mukund19,1404
Aditya_15,,,alp1902,1404
niharika_5,niharika_5,,niharika_5,1404
bhawnesh_dipu,bhawnesh_dipu,,bhawnesh_dipu,1404
sairajsawant,sai.raj,717,sai_raj,1403
vishalag53,vishalag53,900,vishalag53,1403
tufaan,tufaan42,1228,tufaan42,1403
kapilkansal,appmnit,1279,appmnit,1403
appmnit,appmnit,1279,appmnit,1403
Musfiq_Shohan,musfiqxshohan,1298,musfiq_shohan,1403
manideep,nizam1998,1455,manideep1998,1403
subhadeepdeyashi,subhadeep.deyashi,,i_am_subhadeep,1403
20501A05H9,vamsisaripudi,967,vamsisaripudi,1402
Shafquat,mshafquat,1088,shafquat98,1402
Atik_Ahamed,atik_ahamed,1194,atik_ahamed,1402
Asif_Iqubal_18,asif_iqubal_18,1223,algo_cracker,1402
deep_123r,deepanshu.rai123,,djeet_123,1402
riyadeb,riyadeb,,riyadeb,1402
Karthik_2602_Guptha,saikarthik2602,796,saikarthik2602,1401
reluctantcoder,reluctantcoder,977,reluctantcoder,1401
blackdiamond,pazientzia_indartsua,1165,ayeshapoly5953,1401
hritika27,jigglypuff_27,,jigglypuff27,1401
mazharul689,mazharul_190048,746,mazharul_48,1400
SaifurSami,saifur_sami,885,saifur_sami,1400
ishu_yash,ikari_stream,1229,ishu_yash,1400
joydas20081996,joydas1100,1298,joydas99,1400
Saaidur_Raahmaan,saidur_raahmaan,,saidurraahmaan,1399
Jaggu123,1231999,,manish_1234567,1399
horcrux_63,horcrux_63,,horcrux_63,1399
Akib_Hasan,omi074,,omi074,1399
SurajTirkey,tsuraj490,,tsuraj,1399
anupam_12,anupamprakash82,473,anupam_12,1398
anshika1010,anshika1010,716,anshika1010,1398
AbirRahman,abirrahman,945,abirrahman_007,1398
faelyx,faelyx,1735,faelyx,1398
lovenormie,lovecoder1,745,lovesingh_21,1397
alpha_pi,alpha_pi,758,alpha_pi,1397
IWanna_MightiestDisciple,iwanna_mightiestdisciple,928,one_piece4000,1397
maahfuz,maahfuz,957,mahfuz1,1397
tgupta9752,puchipuu,963,puchi_puu,1397
Muhtasim,muhtasim2020,981,muhtasim,1397
sparsh_03,sparsh_03,1455,sparsh_03,1397
gurkirat15,gurkirat15,,gurkirat15,1397
Orihime,orihime,934,playcrush,1396
SSJ_naiM,naim,1090,i_0__0_i,1396
_99preeti_,99_preeti,1212,preeti_12345,1396
erfanul007,erfanul007,,erfanul007,1396
beta002,beta002,,beta002,1396
HridoyHazard47,hridoyhazard,,hridoymu47,1396
AkashHooda,akashhooda,,akash_0608,1396
Nitish_Thotakura,kl_2000031757,742,klu_2000031757,1395
emilyperalta,pretentiouscoder,1204,pretentiousc,1395
salam_35,salam_35,1330,salam_35,1395
i_am_swachha,i_m_swachha,1378,aswachha,1395
qj,twilight,2671,jiaqiyang,1395
piyush1446,verybadatit,,piyush1446,1395
jaspalsing9876,code_breaker21,826,code_breaker21,1394
Shoukhin78,shoukhin78,1005,shoukhin78,1394
smsarfroz78,smsarfroz78,1188,smsarfroz78,1394
spectre_,spectre_1502,,spectre_1502,1394
kanakgoel36,kanakgoel36,,kanakgoel36,1394
Gautam018,gautamgottipati,,gautam_018,1394
jeevaanatarajan,bike_freak,1012,bike_freak,1393
azizul_hossain,sql_slammer,1057,heimdal,1393
sankoo29,sankoo29,,sankoo29,1393
Hellbent,hellbent_123,,rupasingh12,1393
sanchit339,panther339,739,sanchit339,1392
im_2020,cp_yash,834,mr_yash01,1392
deepug1211,deepug,846,deepu1211,1392
rishabhdadsena,rishabh_dadsena,995,rishabh62,1392
fastnoise,fastnoise,1185,fastnoise,1392
Roki_Moulik,rokim_,1202,roki147,1392
Byte_Rider,byte-rider,1277,byte_rider12,1392
rmedeiros23,rmedeiros23,1843,rmedeiros23,1392
yashsaga,yashsaga,,yashsaga,1392
renzaluar,mah1r,,foxxin,1392
mhiceiuk,i_m_shakil,,mhiceiuk,1392
DarthCoder,darthc0der,,darthc0der,1392
darthc0der,darthc0der,,darthc0der,1392
imabhi_241,imabhi_241,,imabhi_241,1392
harshitsharma3200,harshitsharma321,713,harshit3111,1391
mohammad_muzaaahid,s0l0,945,muzahid_98,1391
jack__frost,jack__frost,1345,jack__frost,1391
dipta10,dipta10,1524,dipta10,1391
Vonatlus,sultanov_,1848,sultanov,1391
corleone,,,pankajspartan,1391
vidushi2504,vidushi2504,814,vidushi2504,1390
prantacse14,prantacse14,900,prantacse14,1390
rv52,rv4852,905,vrstar5643,1390
pramodh_v,frauddd,1094,pramodh_10302,1390
Anurag_Mishra,anurag_mishra,1290,anuragiiit,1390
usocial_a,ahs_58,1386,ahasun96,1390
ArtemL,arteml,1417,artem219999,1390
diasu,dias_u,1648,dias_u,1390
anikakash,__infinity_l00p__,,anikakash,1390
hardikpandey23,hardikpandey23,,hardikpandey15,1390
AK_18,k_tle,,hi_ak_18,1390
arundhatiS,arundhatis,356,aruuu123,1389
Mahfidiitju,mahfidjuiit,844,mahfidiitju,1389
patel02,patel02,925,divyankpatel02,1389
nirali,niralichoudhary,962,nirali359,1389
bhavya24,bhavya_rai,1220,bhavyarai24,1389
Hitman,_-_-_-,1268,rohithnomula,1389
kinmod,nikdom,1316,kimono_dragon,1389
Swarn10,swarn10,1522,swarn2212,1389
AiRobot,nil_paracetamol,,flash_nil,1389
Abhi0001,abhi0001,,abhijeetchatte,1389
thakkarcoder,i_am_codecracker,1116,thakkarcoder,1388
imzishan,pehchan_kaun,,imzishan007,1388
Mini_programmer,neon_10,619,neon_10,1387
jefsam,jeffinsam,961,jeffin143,1387
kuppu,kuppu,1174,karthikuppu_12,1387
rifat448,rifat448,1295,rifat448,1387
iamabhilive,iamabhilive,378,iamabhilive,1386
Gourob_Debnath,deb_neek,914,gourob_21,1386
StormShadow2001,srikar_sai,999,srikarsai2001,1386
Syadshajib_CoU,syed_shajib,1106,syedshakil,1386
up79,epsilon123,1375,epsilon123,1386
toriqul07,toriqul07,,toriqul07,1386
Furiousbug_1602,furiousbug_1602,,amandeep2624,1386
Amandeep_2624,furiousbug_1602,,amandeep2624,1386
H_Alexa,yh_alexa,1039,hs_alexa,1385
atul_lpu,killcode,1425,atulmaster,1385
akhem301,akhem301,1432,akshay357,1385
akash1518,akash1518,1464,jumbler,1385
Avi_2506,avi_2506,1473,aviralj,1385
monon_mirza,monon_mirza,,concave_mirror,1385
advait,deveshbalaji,891,advait412000,1384
vikassnwl,vikassnwl,894,vikassnwl,1384
rush153,adrenalinerush153,1191,btech1016418,1384
singh_hritik_11,hritiksingh812,,singh_hritik,1384
vaibhavdaren,vaibhavdaren,,vaibhavaren,1384
m_nigam01,m_nigam01,,m_nigam,1384
mime_cse,mime,1028,mimebdinfo,1383
asad_it,559935,,asad14053,1383
deepak_097,deepak_097,,deepak_097,1383
DharmangGohel,d._.g,,dg_11,1383
red3289,saikiran_reddy3289,,red3289,1383
Abhi2003,abhi_kgp2003,,abhiram_2003,1383
pankaj729,pkp245464,645,pkp245464,1382
itsmdshahin,itsmdshahin,827,itsshahin,1382
imdeeps,star_deeps,1370,star_deeps,1382
10001001,10001001,,astromanish,1382
amrocks,amrocks1,,amrocks,1382
nihir_agarwal,nihiragarwal,,nihiragarwal,1381
RED_2724,red2724,,red2727,1381
icgadi99,ydasc815,866,ydasc815,1380
tawhidmonowar,tawhidmonowar,940,tawhidmonowar,1380
Brooklyn_kid,just_a_kid_from_brooklyn,946,brooklyn_kid,1380
udoy_cuet_109,udoy_das,1082,udoy109,1380
tasin_hoque,tasin,1365,tasin_hoque,1380
ry7mih,ry7mih,1376,ry7mih,1380
techakash,techakash,1606,techakash,1380
Kygo,0.24,,kygo_2002,1380
wasiqb,wizonsoft,387,wasiqb,1379
CodeTyper,codetyper,1022,code_typer,1379
rahmanMoshiur,rahmanmoshiur,1221,rahmanmoshiur,1379
Chr0nicl3,chr0nicl3,1383,uukaran1,1379
hetshah25,hetshah25,1433,het_shah,1379
Firastic,firastic,,firastic,1379
jaydevjaipur00,jaydevjaipur00,,jaydevjaipur00,1379
aniketsingh2002,aniketsinghcoder,711,aniketsingh294,1378
the_uncoder,aviharsh,770,the_un_coder,1378
dd1999,the_sleepy_coder,1082,looser_d,1378
Ashu27696,ashurocks,1174,ashu27696,1378
maverick00,maverick00,1513,maverick00,1378
Promi52,prom_i,,prom_i,1378
muktadirkhan,muktadirkhan889,,muktadirkhan,1378
javhus54,javed25,,javhus54,1378
mahmud006,mah_mood,802,mahmudul006,1377
Tofayel71,blind_eyes,1056,blindeyes_71,1377
SanjidaSamanta,ki_name_dibo,,hima_2,1377
JRebosio,jrebosio,,jorgerebosio,1377
neha_3001,neha3001.singh,,neha_3001,1377
djamwal10,deepak0401,777,djamwal10,1376
tanim26072000,tanim26072000,1028,tanim2607,1376
ashish_mittal2047,br00tf0rce,1428,mittal_saab,1376
Siabus,siabus,,siabus,1376
nav99,nav1dzaman,,nav99,1376
bad_bat,bad_bat,,bad_bat,1376
prachin_roy,prachin_roy,,bhagyo_bandhu,1376
khushalmajoka,khushalmajoka,897,khushal2000,1375
Arunika,arunikayadav42,925,minimata,1375
aryash747,aryash747,1259,aryash747,1375
sharmadhruv272,sharmadhruv272,1485,dhruv79,1375
SLAYIN_U,shivamuniyal12,,shivamuniyal12,1375
SazzadSowmiik,sazzadsowmik,946,sazzad_sowmik,1374
prateek21,prateek_21,1446,prtikmhswri,1374
Taohid,taohidul_islam,,taohid101,1374
rohit_1_7,rohit_1_7,,rohit_1_7,1374
ankitdhariwal,ankitdhariwal2,,ankitdhariwal,1374
brahmareddy74,reddybr,363,brahmareddy74,1373
atiq_143,dentofiem,710,atiq_143,1373
Rumee,sazzadrume,814,sazzadrume,1373
adarshraj365,adarshraj365,1141,adarshraj_365,1373
Noob13,kawshik_1703016,959,kawshik,1372
Vulnerable,darkshadow07,1212,darkshadow07,1372
manoera262,manoera262,,manoera262,1372
anshika_85,anshika_85,,anshika_85,1372
tarun2207,,,tarungarg_123,1372
ishita_chatto21,ishita_21,716,ishita_21,1371
50,yedala,1061,kitkatreddy,1371
MansiM,,,mansismore_11,1371
ahsan_habib,ahsan_habib,,ahsan170111,1371
shawkyebrahim,shawkyebrahim,1196,shawkyebrahim,1370
abhisheksingh,itachi007,1268,coder_bakugo,1370
sojiro_seta,sojiro_seta,1351,sojiro_seta,1370
jddantes,jddantes,,jddantes,1370
Arshad_786_khan,,,arshadkhan7867,1370
sanjeev_2020,sanjeev_waste,571,sanjeev_20202,1369
Utkarsh_135,utkarshagarwal101,1142,utkarsh135,1369
mr___hacker____,mr___hacker____,1160,mr_hacker__,1369
Archana510,ar.chana_470,,archana510,1369
riddle279,riddle279,,riddle279,1369
__TheRJ__,rj_rounak,,rj_rounak,1369
the_shaeekh,shaeekhshuvro,,shaeekh,1369
hunterzolomon,shreyash127,1064,mslj,1368
Joynal,joynal,1354,joynal_67,1368
hemantkushwah45,hemant_323,1585,hemant_526,1368
soummo,remarks,,hyadess,1368
bajaj_shivam,bajaj_shivam,,shivambajaj,1368
Samin_aust,samin_43,701,samin_18,1367
ravijnv23,ravijnv23,1128,ravindra_1,1367
nesarjony,nesar_jony,1213,nesarjony,1367
mursalatul,mursalatul_pallob,,mursalatul,1367
Jaminur_Rashid,jaminurrashid,760,iamtarun,1366
anandcool678,anandcool678,977,anandcool678,1366
devj1999,devj1999,1001,dev1999,1366
subho_01santra,subho_01santra,1041,subho_01santra,1366
__NSH__,a_random_variable,1092,narender2424,1366
tanvin_05,the__tanvin,1274,tanvin_05,1366
MH_parag,mh_parag,,mh_parag,1366
18H51A0476,mohammed_raheez,,mohammedraheez,1366
DebSachin,lumberjack_man,1671,predator98,1366
fire_lacchu,ghanchi_laxman0709,773,laxman_geh07,1365
imtiiiii,narcos,916,imtiiiii,1365
Huzaifa,huzaifareed100,949,huzaifa17,1365
c191023,__alim_,998,c191023,1365
kskritikasinghal98,kusumlata98,1349,kritika_051298,1365
merajmasuk,merajmasuk,779,merajmasuk,1364
pragya007,bullet123,1010,pragyanand123,1364
___santo___,__saanto_,1232,santo251,1364
roferrlls,roferrlls,1302,roferrlls,1364
tejank10,tejank10,,tejank10,1364
siddu,siddu2001,625,siddu2001,1363
AKBAR1214,aspatelakbar,1162,akbarpatel,1363
Sp3cTer,sp3cter,1258,efat1531,1363
kraken7,kraken7,,kraken7,1363
royal_risi,royal_risi,,risi1006,1363
rathore211,pragatirathore211,,rathore211,1363
icecreaminwinter,satya_jha,,cbuff,1363
Hafsa_MU,hafsa--mu,544,hafsa_mu,1362
daddy_puff,daddy_puff,812,daddy_puff,1362
root__786,root__786,911,root__786,1362
tejaram15,tejaram15,948,tejaram15,1362
bhushi_007,bhushi_007,1216,bhushi_007,1362
outofleague,outofleague,1242,poonam0908_,1362
K_Sandip_A,k_sandip_a,,sandip_k_a,1362
smsaleque,saleque,,smsaleque,1362
N_A_B_H_A_N,j_a_w_a,,n_e_a_r,1362
rashedul_riad,rashedul_riad,,rash1415,1362
kazol196295,kazol196295,751,kazol007,1361
nikhilm2302,hacker2302,1019,nikhilm2302,1361
pranto_ruet,pranto_ruet,,pranto1503010,1361
Shariq_Saifi,,,shaiq_191969,1361
vaibhavabhaysharma,vaibhavabhaysharma,577,vaibhav_the_vs,1360
Topu_98,ashfiq_98,900,ashfiq_98,1360
hemant_1724,hemant_1724,970,hemant_1724,1360
ankitraj1996,payback_1996,,ankitraj1996,1360
ShubhamBauskar,,,shubham1998,1360
shakti5297,shakti5297,744,shakti5297,1359
raj_aman,aman1776,1651,aman1776,1359
PP_Paul,ppnt,1784,pp_paul,1359
Teja_Sruthi,404butnoterror,784,teja_sruthi,1358
namanj401,namanj401,1746,namanj401,1358
sidd_d06,sidd_d06,,sidd_d06,1358
Spectre_7,spectre_7,698,spectre_07,1357
sid15298,siddhantjain15298,723,sid15298,1357
grv99,grv99,1000,grv_1999,1357
Kanudo,shyamal.jadav,1251,kanudo_10,1357
Mahinur,mahinur,,mahinur,1357
TB_11,tawfica_bhuiyan,,tb_11,1357
abidkhan484,careless.abid,,abidkhan484,1357
Roz2,croz2,393,adityadi279,1356
sandwiptanu,sandwiptanu,889,sandwiptanu,1356
kshmasingh_29,kshmasingh29,1116,moonlight_29,1356
divideandconquer,singh.ece5040,1190,nowuseeme_03,1356
Tissue,tissueroll,,tissue,1356
Vinothcp,vinoth_0708,,vinoth0708,1356
nikhilrajsingh,nikhilrajsingh,618,nikhilrajsingh,1355
lu_rummanrahib,thebuggyman,1185,lu_rummanrahib,1355
Shaown_P_224,shaown224,,shaown224,1355
promi_38,moju_38,844,promi_38,1354
dcpandey,dcpandey0,895,dcpandey,1354
shafiul_sumon,shafiul.sumon,,shafiul_sumon,1354
souvenger,souvenger,,souvenger,1354
mahesh_hacker,mahesh_hacker,,mahesh_hacker,1354
raju56,raju_molla56,818,raju_molla,1353
The_lOsEr,honeyy,,honeyy__,1353
anikseu,alwayserangel,1267,anikseu,1352
ranit,ranit,,ranit,1352
Tasin_021,toshifurrahman,882,tasin_021,1351
manikasharma,manikasharma09,1038,manikasharma09,1351
srijansingh,srijansingh,,ccnsb,1351
shubh011,,,ravi2000,1351
Almin,harish08,1135,alphawoop,1350
phogat_007,_phogat.007,1235,phogat_007,1350
s6088,s6088,1334,s6088,1350
elf_mcodek,elf_mcodek,,mohnaa_g,1350
1.52E+09,al.noman,,al_noman1,1350
groove105,,,niharikagrover,1350
sravi1210,ravi,,sexyravi,1350
NamanJain14,namanjain14101999,,naman_jain1999,1350
dragon_of_flame,dragon_of_flame,1252,dipu_sultan_20,1349
Asif_Mohammad,asif_mohammad,,asif_md,1349
kazi_RUET,okazi_,,kazi_ruet,1349
sushrut_1,joker4everyone,996,bhatele,1348
rubina_,roseruby6006,1143,rubina_,1348
slow_coder,amrit_malla,,amrit_malla,1348
bipinsingh061,bipinsingh061,826,bipinsingh061,1347
RM07,rm07,1120,rohanmeena07,1347
shubham99,shubham99,1288,shubham99,1347
chetan52720,chetan52720,,chetan52720,1347
BinaryBeast007,binarybeast007,,binarybeast007,1347
sana_912,sana_,811,sana_912,1346
BeAsTmAsTeR169,beastmaster,949,beastmaster169,1346
gamerrishad,gamerrishad,1239,gamerrishad,1346
namanvijay,slayer__,1262,vijaynv2611,1346
Shivm,shivm99,,shivm99,1346
KING_LUFFY,,,spidey_suck,1346
ayushsinha1996,ayushsinha1996,,ayushsinha1996,1346
seirios,seirios,,seirios,1346
Amitdey,amitdey,837,amit_dey_iiuc,1345
riddle,rid.dle,1117,riddle989,1345
rahulwalkar,rahulwalkar,1250,rahulwalkar,1345
sleepyEngineer_98,asutosh1998,,asutosh_1998,1345
sami110107,_hangover_,,shamiul_pust,1345
saira_12_tabassum,saira_tabassum,,saira12,1345
1.90E+08,1.90E+08,,jeevan9312,1345
mhFUAD,mhfuad11,1409,mhfuad11,1344
raushan606,raushankumar606,784,raushan606,1343
jagonmoy,jagonmoy,1054,jagonmoy29,1343
Waqar_107,waqar_107,1658,waqar_107,1343
Tyrant67,tyrant67,,tyrant67,1343
undecipherable,undecipherable,,undecipherable,1343
Likhita112,pandiri_likhita,908,likhita112,1342
sesky_crocodile,sesky_crocodile,1004,hasan1475,1342
dhruva0206,justsolve,1083,dhruva0206,1342
prateekkrishna,prateekkrishna,1117,prateekkrishna,1342
alankrit_03,alankrit_03,1152,alankrit_98,1342
eraser,sohag_123,612,sohagmollik_12,1341
Sohag_Mollik,sohag_123,612,sohagmollik_12,1341
flarish_1138,flarish_1138,,flarish,1341
rishi2312,,,rishi2312,1341
Code_learner_18,code_learner_18,549,developer_23,1340
20wh1a05h3,20wh1a05h3,871,bvrit_3390,1340
Imtiaj18,bu1bu1,930,imtiaj18,1340
jpbarcia,jpbarcia,,jpbarcia,1340
supermanshuvo,supermanshuvo,721,supermanshuvo,1339
rebel_2020,rebel_2020,1732,rebel_2020,1339
mimi0007,mimi0007,,mimi0007,1339
asadcop,golda,,golda,1339
chinmoysaha,chinmoysaha,746,chinmoysaha,1338
praptiroy,praptiroy,795,praptiroy,1338
Omarmmali,omarmmali,1455,omarmmali,1338
kamal_1191,_princee,,prince_79866,1338
NooBWitHASmalLBraiN,noob_with_a_small_brain,742,prattoy01,1337
karthikn2099,karthikn2099,466,karthikn2099,1336
kurai,kurai,893,lang,1336
vikash_vian,vikash_vian,968,vikash_vian,1336
abufarhad,abufarhad,1212,abufarhad,1336
Dijkstra_23,abufarhad,1212,abufarhad,1336
rishabhjain,rishabh.jain,,blackadam,1336
TAHMID37,tahmid37,,tahmid49,1336
maxhasan,max_hasan,,max_hasan,1336
Raisul_Anfield_Saju,raisul_anfield_saju,826,raisul_anfield,1335
ahmeddinar,ahmed_dinar,997,ahmed_dinar,1335
Sandeep_0404,sandeep0404,,sandeep_0404,1335
gholakemohit,gholakemohit,,gholakemohit,1335
KaziSadiyaIrin,sadiyairin112,,sadiya112,1335
foreverlearner,foreverlearner,894,foreverlearner,1334
cjeshu123,jeshu123,1078,jeshu123,1334
Lazarusx2,lazarusx2,1139,sampras123,1334
imtiaz1710,imtiaz1710,1236,imtiaz1710,1334
jhots,jhots,1407,jhots,1334
second,second,1939,second,1334
vamsireddy3,vamsireddy3,725,vamsireddy3,1333
givemetips,givemetips,1534,givemetips,1333
contacttoamit00,aimamit,,aimamit,1333
raj01,onefineday01,,rituraj356,1333
Shravan,_shravann_,953,shravanpmk,1332
terra9,avinashk,1104,avik1999,1332
hsuya,ayushagnihotri,1174,ayush271,1332
Dipra_Irham,dipra_irham,1475,dipra_irham,1332
kingosak,kingosak,1570,sak_temp,1332
Shadik286,shadik286,,shadik286,1332
lightyagami_dn,lightyagami_dn,,lightyagami_dn,1332
invisibleguest,invisible_guest,,mohsinian,1332
maharin_21,maharin_21,811,maharin_21,1331
m3h3d1,m3h3d1,1181,m3h3d1,1331
shahriad50,shahriad50,,shahriad74,1331
EviL,madhusudhangupta,819,madhusudhang,1330
ashish12a25,ashish12a25,1441,ashish12a25,1330
Rishav2101,rishav25381.,,rishav001,1330
WilliamsSandjaya,,,williams_s,1330
rajan_keshari,rajan_keshari,1608,rajankeshari,1330
Bithi,red_user,849,bithi12345,1329
utkarsh111,utkarsh111,1416,utkarsh111,1329
asif75,_asif,,codebuster_007,1329
anand_prakash_yadav,anand_prakash_yadav,1093,anand_prakash,1328
anonymous_23,algo.java,1234,aman2382000,1328
deepika_8,deepika_8,,deepika_8,1328
TySamurai,cool_head,,tysamurai,1328
ashwinisingh98,,,ashwinisingh98,1328
mehedimuaz_1,mehedimuaz,1350,mehedimuaz,1327
Jubayer_Joy,joy,1116,jubayer_joy,1326
shajibewucse,sparr0w_2022,,shajib2020,1326
DoryPy,dorypy,1101,tushar_051,1325
return_100,return_100,1467,return_100,1325
Asad_Bin,asad_bin,1542,asad_bin,1325
rxcso,rxcso,2120,rxcso,1325
Sojib_03,sojib_003,,sojib03,1325
cbosh,cbosh,,cbosh,1325
md_mahbub,md_mahbub,,mahbub_3716,1325
RedRightHand1729,redrighthand1729,,rajeev1624217,1325
akashkumar_23,akashkr_23,976,akashkumar_23,1324
pankajMahtolia,darkstar369,,dark_star_ash,1324
epiphany,epiphany71,,epiphany71,1324
shielder04,shielder04,848,survivor04,1323
MHDabdulkader,404___error,1070,mhdabdulkader,1323
Nagar_80559,codewizard_80559,1180,umeshnagar8055,1323
vikku_19,vikku_19,,vikku_19,1323
showrav_dip,dip7890,653,showrav_55,1322
Gulam_Kibria,gulam_kibria,,gulam_kibria10,1322
Enter_Your_Name,yeamin_faiaj,1288,enteryourname,1321
ujjwalrox,ujjwalr0x,1635,ujjwalrox,1321
pulgul,pulgul,,pulgul,1321
dont_ask_my_name,dont_ask_my_name,1537,partho_315,1320
msasifstp,msasifiiuc,713,msasifiiuc,1319
tazim5032,tazim5032,1292,tazim5032,1319
saiavinashiitr,saiavinashiitr,,saiavinashiitr,1319
profcoder_1704,ankit_1708,,ankitrajput_56,1319
whoakarsh,whoakarsh,,whoakarsh,1319
johnathan_wick,johnathan_wick,1064,rahulray8516,1318
gaurav_2001,noobcoder1998,1076,gurav_123,1318
prokumar,prokumar,1325,prokumar,1318
TexanElite,texanelite,,texanelite,1318
0baydullah,0baydullah,835,o_khan,1317
vm_1609,lastcigarette,1604,vijay_mukhija,1317
Yash_Varshney,yash_varshney,,yv_v,1317
Andrew08,andrew08,934,andrewcoder08,1316
Rishab1128,rishab_1128,1010,rishab1128,1316
shantanu1395,,,sunny12345,1316
ashok_stopstalk,ashok4force,669,ashok_chef,1315
dipu,rasen__shuriken,1085,shaffat,1315
manishmk,iconoclast,,manishmk123,1315
rajab1691,raajb1691,633,rajab1691,1314
shanto_kundu,shanto_kundu,1003,shanto09,1314
mainulislam588,shovon588,1046,mainulislam588,1314
Vishal_Dhanani,vishal_dhanani,1458,vishaldhanani,1314
Zahid_hasan_sahin,zahid_hasan_sahin,,zahid_hasan,1314
darXtar,darxtar,,darxtar,1314
autul13,autul13,,autul13,1314
Pratham_jha,pratham_jha,,pratham_19,1314
awadh_123,awadheshkumar934,,awadhesh_123,1314
saurabh033,saurabh033,,saurabh033,1314
arif334,punter,,arif334,1314
klu_2000030172,klu_2000030172,,klu_2000030172,1314
maddy8381,maddy8381,,maddy8381,1314
hercules14,maskman,868,sanjoy_kumar,1313
maskMan,maskman,868,sanjoy_kumar,1313
tranquil_coder,tranquil_coder,1337,tranquil_coder,1313
chubakueno,chubakueno,1932,chubakueno,1313
UNKNOWN,unknown_28,,sachin_37604,1313
prapti_123,exceptional_prapti,,sajeda_123,1313
liontech_123,srivastavaritik0876cse,,liontech_1234,1313
harrypotter0,harrypotter0,1200,harrypotter0,1312
ZahinAwosaf,zahinawosaf,,zahinawosaf,1312
Esraat_Liza,esraat_liza,711,esraat_liza,1311
Kapil123,kapilnita96,1022,kapildcoder,1311
Shivang,remotecodeexecution,1153,shivang_rainaa,1311
J_Allen,j_allen,1243,j_allen,1311
SANJAY5797,sanjay5797,,sanjay5797,1311
shuvra_mbstu,ce15039,,shuvra_mbstu,1311
subh3ndu,venom_61,987,subh3ndu,1310
onucsecu,onucsecu,1054,onucsecu,1310
rgupta917,rgupta917,1288,rgupta917,1310
dhruba_1603088,dhruba10414,,dhruba_1603088,1310
1804014_ayesha,virtuoso,,u1804014,1310
sandeepgogarla,sandeepgogarla61,,sandeepsandy62,1310
Rizon_sunny,rizon_sunny,,rizon_sunny,1310
kanak893,kanak893,1404,kanak893,1309
akash_op,akash_op,,mega_akash,1309
ch3125,ch3125,,chhavialok,1309
zbtomal,zbtomal,953,zbtomal,1308
vaish_06,vaish_06,973,vaishnavi_037,1308
Abdullah_Omar,abdullah_omar,1279,abdullah_omar,1308
vidit_123,,,vidit_123,1308
noobmastersixT9,nooobmastersixt9,896,nooobmaaster69,1307
i_64,i_64,1712,i_64,1307
aman5600,aman5600,,aman5600,1307
krishmunot,KrishMunot,773,krishmunot,1306
rachit287,rachit287,,rachit1234,1306
o_raju99,rajuiit,,rajuiit,1306
MahmudaB,mahmuda.b,909,mahmuda920,1305
duggu_123,bhai.shahab78612,1116,duggu_123,1305
Pooh__7__,pooh__7__,,poohs_7,1305
abhinavv_01,abhinav_a1,,abhinav_a1,1304
pctablet505,pctablet505,,pctablet505,1304
rohitsah10,rohitsah10oct,697,rohiit_102,1303
Jalal_LU,jalal_lu,885,jalal_lu,1303
NinjaBoy,mahi.mahidhar2,1725,mahidhar12,1303
keko37,keko37,,keko37,1303
arock,arock,,arock,1303
singhal611,insaiyan,,singhaltushar,1303
cvanshul,cvanshul,,cvanshulll,1303
tashfiq123,tashfiq12,1043,tash_,1302
TarikulCSE,tarikulcse,1226,tarikulcse,1302
Slacker,nabid.akash,1279,nabid_1221,1302
shivanigupta,shiwanigg997,,shivanigupt,1302
YashilDepani,yashil_d08,1264,yashil_d08,1301
shreyashsingh_101,shreyashsingh_101,,rohitsingh9450,1301
HimanshuJain,,,himashujain89,1301
Monzur_007,monzur,,reus_007,1301
sahithi53,psahithi53,354,psahithi53,1300
shikderalislam,shikderalislam,726,shikderalislam,1300
Mansurbek,mansurbek,1615,mansurbek,1300
mdfarhansadiq,mdfarhansadiq,,mdfarhansadiq,1300
g23_singh,g23_singh,,sgaurav07,1300
shivamjaiswal64,shivamjaiswal64,413,shivamjaiswal6,1299
Garbage_Value,garbagevalue,578,garbage_value,1299
d3c3ptr0n,d3c3ptr0n,905,d3c3ptr0n,1299
AnzamulHaqueAkash,anzaml2297,,akash2297,1299
Salloum,the_grandson,,salloum,1299
ankitanand617,,,ankitanand617,1299
Adikv_,yes_it_is,1089,adi_kv,1298
dhimanda,dhimanda,1244,dhimanda,1298
KhanShaheb_34,khanshaheb,1369,khanshaheb,1298
_MostaFiz,_mostafiz,584,mostafizur_rah,1297
_MostaFiZZ,_mostafiz,584,mostafizur_rah,1297
soumic,fahimfarhan,783,fahimfarhan,1297
maruf99,maruf535,1001,maruf99,1297
torikazi,torikazi,1157,torikazi,1297
muhaimin,muhaiminbinmunir,,muhaimin,1297
saran_234,saran_465,,saran_234,1297
tusharaherwar,tushar.,607,tushar_86,1296
Farhan11,farhan11,1028,farhan_333,1296
_HACKER_,debiprasad,1175,debi_8888,1296
PrakharGoenka,prakhargoenka,1656,prakhargoenka,1295
mumu26,mumu,,sam2626,1295
dipeshkumar,dpcodes,,dpcodes,1295
aviral,aviral0807,1781,aviral0807,1294
xyz123,zero_0,1111,zeroo_0,1293
kishlay19,kishlay369,1335,kishlay_19,1293
tasinmahmud44,tasin_mahmud,690,tasin44,1292
arjun0207,arjunprajapati1110,768,arjun_2k19,1292
theove46,ove46,987,theove46,1292
litesam,litesam,,litesam,1292
srinika_6651,srinika_6651,873,srinika_6651,1291
anms_pro,anms_pro,1084,anms_pro,1291
dinesh_5799,dinesh_5799,,dinesh_5799,1291
tanverlikhon,tanverlikhon6795,1100,tanverlikhon67,1290
russell_07,_07,1328,rasedulrussell,1290
kevalthakarar1010,kevalthakarar,1351,kevalthakarar,1290
daredevil86,oliver_queen,1500,onkar2000,1290
Crackeree,kazi_ziaul_hassan,,crackeree_686,1290
x_hun,x_hun,875,x_hun,1289
zhandos_n,zhandos.nurgazy,1364,zhandos_n,1289
kkpareek,kkpareek,948,kkpareek,1288
new_man_234,newman234,1146,amarendra234,1288
Stack_Flow,abhay.singh.rajput.1999,1470,boil,1288
varun_saini,varun_saini,1508,varun_saini_18,1288
Dragon2050,dragon_tanvir,1131,dragon2050,1287
sherlock_jerry,sherlock_jerry,1285,sherlock_jerry,1287
kunal_goyal,kunal_goyal,1431,kunal_goyal,1287
jakab922,jakab922,1497,jakab922,1287
omar_aziz,omar_aziz,,omar_aziz,1287
_SPIDER_,karn_,,spider_7x,1287
Shejuti_Binte_Feroz,shejuti_binte_feroz,1019,shejuti,1286
isakib,isakib,1113,isakib,1286
mn_sakib_ovi,mn_sakib_ovi,1143,mn_sakib_ovi,1286
MD_Imran_Hosen,md_imran_hosen19,1488,md_imran_hosen,1286
deepbarankar,deepbarankar,,deepbarankar,1286
shohagfaraji,shohagfaraji,936,shohagfaraji,1285
aman_garg001,aman_garg001,1624,amangarg3april,1285
raunak6662,raunak8242,,rauni,1285
harshit242016,harshit242018,,harshit242016,1285
lion_roar,lion_roar,,lion_r,1285
sakib_ayan323,sakib_ayan323,,sakib_ayan323,1285
indsonu,indsonu,972,indsonu,1284
priyanshu360,cantcodewithoutcrying,1639,mr_stranger,1284
Habib_Hasan_Shakil,alpha_lion,,shakil_7654,1284
Darkshadow26,darkshadow26,,darkshadow26,1283
nishthaumari01,nishtha_kumari,,nishtha_01,1283
siddharth4,noob_coder_anti,,siddharth4,1283
Fahid_Shadman,fahid_shadman,975,fahid_shadman,1282
LONE_WALKER,lone_walker,1367,lone_walker00,1282
mostafasazid,mostafasazid,,mostafasazid,1282
surajk543,lovppa,,surajk543,1282
rocky007_adi,aditya.cena007,,ad007cena,1282
karan7276,karans7276,,karankd_123,1282
Jayanth_y,,,jayanth_y,1282
umaidansari123,umaid12,585,umaid12,1281
Ramanand123,ramanand1998,,ramanand1998,1281
Vedika1234,vedika1234_agrawal,549,vedika1234,1280
venom960,arthur_960,635,shahriar960,1280
mhkm,mhkm,666,mhkm,1280
ceo_sss,ceo.sss,999,ceo_sss,1280
akshat14714,akshat14,1618,akshat14714,1280
pranav24,pranav24,737,pranavrk,1279
aayushii,aayushiiiii09,,aayushii9602,1279
tanmoy62,tanmoy_62,,tanmoy62,1279
Yamini,,,yaminisrini_8,1279
vamp27,roshni.rx,905,roshni_27,1278
Sparrow9024,alpha_101,1027,alpha_9024,1278
piash1804076,_noobmaster__,1127,piash1804076,1278
carly_brace,s4dm4n,1219,sadman_sakib,1278
dipty,dipty,,dipty13,1278
ramj,jax_321,,fax_123,1278
mahfuzAhmed,mahfuzz,1021,mahfuz_ahmed,1277
vishal3410,vishal3410,1032,vishal_3410,1277
MirArfan,raahaat,,raahaat,1277
vishal_jpur,vishal_jpur,,vishal_jpur,1276
mahfuz1998,mahfuz98,839,mahfuz98,1275
20wh1a6621,pavithra14,869,pavithrab14,1275
s_phoenix,s_phoenix,,s_phoenix,1275
gracyashhh,aishwaryam18,,gracyashhh,1275
dismint,dismint,1736,dismint,1274
d_mohanty,d_mohanty,,d_monty,1274
Gajavalli_Supriya,supriya6168#,425,supriya6168,1273
umang345,umang_345,1108,umang_345,1273
Kartikey,kartikeyu,,uk321,1273
pradeepsingh15,pradeepsingh15,,pradeepsingh15,1273
nachiketbhuta,nachiketbhuta,454,nachiketbhuta,1272
Sagor78,cauchy-euler8900,1033,ngf78,1272
blockingthesky,gigabuffoon,2086,blockingthesky,1272
suyashmadhesia,suyashmadhesia,,suyashmadhesia,1272
nachu,nachiketbhuta,,nachiketbhuta,1272
Vidushi_19,vidushi_19,672,decodeit_23,1271
MayankBharati,bharatim1221,1042,bharati1221,1271
knowledge189,abhigyan189,1067,knowledge189,1271
Ayve_178,ayve_178,,ayve_178,1271
shreyansh26,shreyansh26,1132,shreyansh26,1270
_memeghaj_,_memeghaj_,1239,memeghaj_10,1270
mamun_1804064,mamun360,1179,mamun_1804064,1269
manaswini_6657,manaswini_6657,,manaswini_6657,1269
bohot_hard,bohot_hard_123,754,bohot_hard_123,1268
ahmmedfaisal586,ahmmedfaisal586,952,faisal2281,1268
afridi13,the_reaper,1019,afridi13,1268
debugster,debugster,1101,debugster,1267
sajid_born2code,sajid006,1466,sajid006,1267
NourAlhadi,nouralhadi,1924,nour_alhadi9,1267
no_success,no_success,664,no_success,1266
Pulock,pulock50,,pulock50,1266
Anurag_2809,anurag28,,anurag2,1266
isaifulislam123,isaifulislam123,1382,saiful130104,1265
srinivas12ram,srinivas12ram,,rk27,1265
avd151,avd151,534,avd151,1264
MasterJohn,capjohn,1639,asmodeus_017,1264
mnm_outis,mnm_outis,746,mnm_outis,1263
ashwani45,ashwani45,1187,ashwani66,1263
Mohammad_Alam,mohammad_alam,,mohammad_alam,1263
vikas1196,vikas1196,753,vikas1196,1262
rohit_mahale,rohit_mahale,1109,rohit_mahale,1262
priyanshu1130,priyanshu1130,1324,priyanshu1130,1262
Eren_Kruger,eren_kruger,,eren_kruger,1262
jenil,convtranspose,,deaconv,1262
akay,developer2020,761,amitsharma2002,1261
yashbeer9274,yash9274,917,yashbeer9274,1261
shadman3011,shadman99,1016,shadman85,1261
orendon,orendon,1256,orendon,1261
RiFAT,bsmrstuanrifat,,rifattangir,1261
n0man_ch0wdhury,_ncm_,1161,n0manch0wdhury,1260
ks481481,jai_shree_ram481,,shaurya48,1260
aayushbest,aayushbest,505,aayushbest1,1259
Sheezan,mohdsheezan,910,mohdsheezan,1259
mohit_010,mohit_010,937,mohit_010,1259
jubaidul_ctg_bd,jubaidul.ctg.bd,1348,reyad1997,1259
himel47,someone_cares,837,himel_44,1258
aparnasdev,aparnasdev,1203,aparnasdev,1258
canis__majoris,4aayush,,canis_majoris,1258
ShifaT,shifat57,,shifat_57,1258
Preischadt,prschdt,1384,preischadt,1257
cuber2460,cuber2460,2523,cuber2460,1257
Anishjha12,anishjha,,anish_1223,1257
Tony,gaurav1508,,gaurav1508,1257
jabirsubaktagin,asj16,,asj16,1257
tanveerkaderedu,tanveer_kader,694,tanveerkader,1256
divyansh_20,badal12,997,badal12,1256
badal12,badal12,997,badal12,1256
SilviMalik,__silvimalik,1068,silvi123,1256
georgerapeanu,georgerapeanu,2232,georgerapeanu,1256
O_R_E_O,o_r_e_o,,cookie_12,1256
erik35,erik35,1175,satyabrat35,1255
shihab1234,shihab_hossain,1311,shihab1234,1255
Redwanuzzaman,redwanuzzaman,,redwanuzzaman,1255
Shakib_13,ahs,819,shakib_srk,1254
satyajit0618,satyajiit,1046,kanai,1254
Raghav_Aggarwal,raghav99,1081,raghav0089,1254
abhinav_7777,2000singhabhinav,1109,abhinav_7777,1254
whrd,shutterbug,,vishesh_345,1254
rafi_ul,hasanrafi_15,628,hasanrafi_15,1253
TanimAhmed,astdragneel,1011,astdragneel,1253
18H51A0483,udaykiran_4444,,udaykiran_4444,1253
aditta_saikat,aditta_saikat,854,aditta_saikat,1252
li1127217ye,lihaitao,1452,li1127217ye,1252
Aushimamarc,,,parada123,1252
anshuman22,anshumanp22,917,anshumanp22,1251
jeshwan,jeshwan,933,jeshwan,1251
shantanu_sgh,shantanu20,964,shantanu20,1251
Sshovon,sshovon,1206,frcs99,1251
Nipun4338,nx_4338,,nhacker,1251
linearmass,linearmass,,linearmass,1251
Wakil,einestine,983,wakil545,1250
satu0king,satu0king,2102,satu0king,1250
Halit,halit,,halittugra,1249
madmax,saitama_,,bitch_lasania,1249
ChandVachhani_,marcos_tony,,anonymous_moon,1249
LeVel0,shaonsani,795,shaonsani,1248
Sefat3674,sefat3674,861,sefat33,1248
istiad_IIUC,no_identity,1380,notorious94,1248
umar_07,umar_07,1405,umar_07,1248
imcodestar,imcodestar,,imcodestar,1248
lonewolf99,white_wolf99,1323,lone_wolf99,1247
Devang_2103,devang_2103,,devang_2103,1247
m_saraswat,manmohansaraswat15,,mohansaraswat,1247
JoyBangla,world__tour,730,ashikabdullah,1246
warrior98,warrior98,,warrior98,1246
hemel18681,hemel18681,,hemel18681,1245
jcnetmp,hk1,1226,depressed_kid,1244
enigma,i_m_ravi,,ravi9123,1244
THE_ERROR,learner_056,,dakota_1523,1244
gauris_17,gauris_17,816,gauri_170300,1243
adoniss,m_d_luffy,,adoniss,1243
chandramani_01,chandramani_01,701,chandramani_01,1242
queen_of_WA,queen_of_wa,938,king_of_wa,1242
SwapnilBasher,ubermensch.,1133,swapnil_basher,1242
arbazkhan971,arbazkhan971,,ask971,1242
rishi8054,dau8054,,dau8054,1242
return_to_sleep,sonkar_shreya,832,sonkar_shreya,1241
arafat1802,z3r0_iq,1189,ahrifatarafat,1241
Gladiator,archu.aspa,,archit_kumar,1241
rabish8434,rabish8434,782,rabish8434,1240
Sauda,sauda_1804063,798,adiv_63,1240
SaudaAdiv,sauda_1804063,798,adiv_63,1240
20wh1a6632,nikitha0911,838,nikitha0911,1240
alixeid,alixeid,1047,itsali,1240
hm_sayem,factoradic,1290,factoradic,1240
Flyingg_Dutchman,logan,,yakin,1240
shreya_156029,shreya_156029,,shreya_029,1240
shreya_29,shreya_156029,,shreya_029,1240
prateekmittal,prateek,1760,prateek,1239
Azor_Ahai,geekcoder,,rahul_2410,1239
AshishSingh,ashlin,,ashlin,1238
Niloy071,niloy071,,niloy071,1238
jakaria_07,fighterx,965,jakaria_07,1237
ayushgoyal7796,ayushgoyal7796,,ayushgoyal7796,1237
pragyyasinghh,pragyya9,,pragyyasinghh,1237
ayush2697,betuayush209,,betuayush209,1237
Humayan_Kabir,rupok,878,rupok_003,1236
saimhatre243,saimhatre243,952,saimhatre_321,1235
17wh1a0534,17wh1a0534,,srividya17534,1235
MizAn__IIUC,mizan_iiuc,884,mizan_iiuc,1234
Jareehd,jareehd,1965,jareehd,1234
kanha5125,kanha5125,590,kanha5125,1233
noob__07,ramashish87,,turbo_12b,1233
Komamura,ric0chet,1098,sajin_amin3227,1232
JineMeraDilLutiya,kiviad,,falcon_dp,1232
zitulmahmud,zitul_mahmud,,zitul_mahmud,1232
NAHID_GTC,ihsan_nahid,791,ihsan_nahid,1231
rusau,rusau,1469,ayushrusau11,1231
sl4709,,,sl4709,1231
naim6246,naim6246,957,naim646,1230
Chocolate,ihtemadul,,ihtemadul,1230
Newton,1804090_newton,942,u1804090,1229
vschauhan0110,vschauhan0110,,thakur1199,1229
anika107,iris107,1143,anika107,1228
Aesha25,,,aesha25,1228
ekramhossain117,ekramhossain117,,ekram117,1228
Modexpo67,modexpo67,,recursive_404,1228
nasif_raihan,neemoo,,nasif_raihan,1228
klu_2000031617,sai_chandu,621,klu_2000031617,1227
Sourav_Halder,sourav201-15-14220,958,sourav14220,1227
Fa1yaj,fa1yaj,1318,faiyaj,1227
Sourav14220,sourav201-15-14220,,sourav14220,1227
Sudheekshna,sudheekshna,,sudheekshna,1227
SwethaSai,swethasai,286,swetha_said,1226
green,sharifp,861,sharifp,1226
mdrasheduzzaman,mdrasheduzzaman,1105,mdrashed,1226
rhythm_1703083,rhythm_1703083,1145,rhythm_1703083,1226
vishhesh,vishhesh,1612,vishhesh,1226
Nobel_ruet,nobel_ruettt,1645,nobel123,1226
fahad_007,fahad_khondokar,769,fahad_007,1225
syedagulnaj,syedagulnaj,806,syedagulnaj,1225
mshafi_906,eryx_906,817,mushfiq_shafi,1225
MehediTipu,tipu721,916,tipu721,1225
sabbirh654,sabbirh654,1052,sabbirh654,1225
AMR_KELEG,amr-keleg,1985,amr_keleg,1225
sadi_74,sadi_74,,sadi_74,1225
ItzMv,waynebot,,itz_mv,1225
Danavv,danavv,,danavv,1225
Montooboss,montooboss,1470,montooboss_123,1222
Nur_Alam39,nur_alam39,,nur_alam39,1222
Ar_Anik,ar_anik,1030,aranik43,1221
shahi9935,shahi9935,1212,shahi9935,1221
__drifturious__,__drifturious__,1446,purvansh11,1221
farhin_khaled,farhin_khaled,971,farhin_khaled,1220
antimatter96,antimatter96,1244,antimatter96,1220
divynsh1185,settled_nomad,,settled_nomad,1220
shanmukh0109,shanmukh1717,,shamukh0109,1220
Mumtahina,mumtahinaaimon,353,mumtahina,1219
sci94tune,rahulsust,,rahulsust,1218
MD_NUR_ALAM_HRIDOY,db_hridoy,,hridoy_bit_1,1218
knight_byte,knight_byte,,knight_byte,1218
RrahulS,rrahuls,859,rahuls2000,1217
mssg,mssg,,mssg1210,1217
afrozchakure,afrozchakure,,afroz_chakure,1217
saimoon,saimoon.oman,981,saimoon,1216
EBLU,khandokeribrahimhossain,1505,eblu,1216
Sadik_1603075,sadik_1603075,990,sadik_1603075,1215
sumitrawat10,sumitrawat10,,sumitrawat10,1215
nafiscode,aro_ekbar,720,nafiscode,1214
nikhil_08_05,nikhil_0508,1302,my_turn,1214
ricksr,ricksr,1489,ricksr,1213
Icarus7199,spacekiddx,,spacekiddx,1213
AlaminMIr,alaminmir,946,alamin_mir,1212
zero999,dark49,867,mohsinur999,1211
ShyamChowdary,,,shyam9999,1210
mubasshir00,mubasshir00,826,mubasshir00,1209
mariya_sultana,mariya_s.f.,961,mariya3236,1209
siddharths067,siddharths067,991,siddharths067,1209
kashyap_simran111,kashyap.simran111,,simran_kashyap,1209
harshpanwar1705,harshpanwar1705,,harshpanwar,1209
mubasshirOO,mubasshir00,,mubasshir00,1209
raju248,raju248,,raju248,1209
moumita_cste,moumita_,734,moumita234,1208
LuisFer123,luisfer666,1235,luis123,1208
AnkitCode99,ankitcode99,1438,ankit_ap99,1208
Coder_5570,coder_5570,,shivam4565,1208
arnabdey,arnabdey,1142,arnab665,1207
saiyanworrior,ahadulhaq,,saiyanworrior,1207
kashem_165110,kashem_1234567,618,kashem_123,1206
gauravjondhale11,gauravjondhale11,954,gauravjondhale,1206
Mubashshira,potato_wedges,1182,mtasneem5052,1206
aliaagheis,aliaagheis,1324,aliaagheis,1206
Nada,nada.,1691,nada,1206
gunjan99,jarvis307,1757,f20170116g,1206
Ayon_neub,ayon.cse.neub,1212,ayon_neub,1205
17wh1a0556,shamini_123,1336,shamini_123,1205
shahed_shd,shahed_shd,1422,shahed_shd,1205
s0nskar,s0nskar,,grayskull555,1205
maifee_ul_asad,maifee_ul_asad,,maifeeulasad,1205
Md_Ayon,md_ayon_rahman,1095,md_ayon,1204
Mish_VIV,mishviv,1117,mishviv,1204
Sherry0601,sherry060199,1334,sherry060199,1204
stardust_nds,stardust88,1084,stardust_88,1203
TSTazbid,tstazbid,1087,tazbid_00,1203
NisTa,nashta,1493,nishan_13,1203
aonyn_,buttonedup,,lu_nayon,1203
MegaCha0s,megacha0s,,nishan_13,1203
samridh,oxysamridh37,,oxysamridh37,1203
oxysamridh37,oxysamridh37,,oxysamridh37,1203
Robur_131,robur_131,1144,robur_131,1202
devarsh_nagrecha,devarsh_nagrecha,1271,devarsh_58,1202
Shubho_c47,shubho_c47,1059,shubhoc47,1201
lumian,lumian,1236,lumian,1201
g_a_r_u_d_a,mikro,1276,g_a_r_u_d_a,1201
Sabbir_CoU123,nam_diya_kam_ki,,sabbir123,1201
noddy0602,noddy0602,,noddy06,1201
fuadbinAkhter,fuadbinakhter,,fuad_42,1201
Raisa_Rahman,syeda_raisa_rahman,1236,raisa_rahman,1200
CrAmit,kushwahaamit95,1394,amit013,1200
FForhad,fforhad,725,fforhad,1199
tanbir254,tanbir254,972,tanbir254,1199
anshumanp22,anshumanp22,917,anshumanp,1197
drinkingwater,drinkingwater,1034,drinkingwater,1197
Yuvraj7878,,,yuvraj7878,1196
iamramzan,ramzan,,rmzn17,1196
MedaramatlaGayatri,gayatrisrinivas,,gayatri_csea,1196
sharpowl_06,sharpowl_06,1726,sharpowl_06,1195
co_der12,co_der12,,co_der12,1195
adityyasharma,aditya9sharma,,aditya09sharma,1195
Ahasanul_Kabir_Rifat,ahasanul_kabir_rifat,970,ahasanul_kabir,1193
arnav7060,arnav7060,1150,arnav7060,1193
aarrpitt,aarrpitt,,arpit_79,1193
Dandosh,adel_rizq,1783,adel_rizq,1192
masbah,ma5ba,,masbah,1192
roh_sac,roh06,848,roh_sac,1191
udupa2000,udupa2000,1489,k_udupa2000,1191
cfalas,cfalas,1753,cfalas,1190
Anikcsejnu,anikcsejnu,1133,anikcsejnu,1189
Ex_Machina,ex_machina,1419,sushmoyr,1189
Rishabh_Gupta104,rishabh4513,1253,rishabh104,1188
luhego,luhego,1265,luhego,1188
sheikhmuradhasan,sheikhmuradhasan,590,skmuradhasan,1187
Abidstic,mahinabid,1119,abidstic,1186
cy9us,cy9us,,teranosum,1186
Euler2020,euler1729,1039,codebreaker_20,1185
Junayed_Kader,user.invalid,,junayed123,1185
Niajul,niajul,875,niajul95,1184
cyborg7459,cyborg_7459,1428,cyborg7459,1184
afcruzs,afcruzs,1456,afcruzs,1184
lonerz,lonerz,,lonerz,1184
Good,amiyo,622,amiyo900,1183
Uniq0rn,uniq0rn,1192,uniq0rn,1183
HyperMystic,,,vaibhav1tandon,1183
Saikh_seraj_fahim,saikh_seraj_fahim_19,,saikh_seraj,1182
sivan_iut,sadman.mehedi,1009,sivan_iut,1180
Nihal96,nihal96,1162,akib_nihal,1180
mdyamin,mdyamin,1222,mdyamin,1180
ifrad_k,ifrad.k,1237,ifrad_k,1180
zishan044,saiduzzamanzishan,1282,saiduzzaman,1180
nambahl,iit2017074,1343,nambahl,1180
bhask3r,,,m_lak,1180
__STR,__STR,,strcoder4007,1179
Sunjaree,sunjaree,1207,sunjaree,1177
NiravDadhaniya,nirav412000,,nirav_004,1177
Dharaneesh264,dharaneesh264,832,dharaneesh264,1176
dhruvroy8_stopStalk,dhruvroy8,,dhruvroy8,1174
20wh1a05h6,20wh1a05h6,792,bhavana_5h6,1173
prasadankit33,,,unknown_nam123,1172
Murtuza_Chawala,murtuza_chawala,866,murtuza_1397,1171
infamous5,__tamim1,,tamim_87,1171
rons_007,rons_07,1130,rons_07,1170
Nicklaus,klaus26,1614,klaus26,1170
imShivam,shivy26,,i_shivam,1170
bhaliyan02,bhaliyan,,bhaliyan1,1169
amantiwari18,amantiwari18,786,rectifier2,1167
nitishkp,nitish.work001,,nitishkp,1166
Morshed_Alam_Raju,__r_,,raju1,1164
20wh1a6609,neha_6609,912,neha_6609,1163
rubel_1997,robiul_islam_rubel,,rubel_loser,1163
Shubham_Kumar_Mishra,shubham_409,,shubham409,1163
surya_15082001,mini_thala,779,surya15082001,1162
shahan_shah,shahan_shah,1078,shahan_shah,1161
rajunahidhasan0,rajunahidhasan0,1387,rajunahidhasan,1160
Abrar_Al_Samit,abrar_al_samit,1990,abrarsamit,1160
mem,siam.cse,901,siam29,1159
zwliew,zwliew,,zwliew,1159
tarungargcs15,tarungargcs15,,tarungargcs15,1159
no_one_knows,inb_yuan,,yasirnabil534,1158
arnab100,rnab100,,rnab100,1155
mahmudulahsan,mahmudulahsan,873,mahmudulahsan,1153
SanjidaAhmed,sanjidaahmed,1153,sanjida_ahmed,1153
Ab_Ohab,ab_ohab,,ab_ohab,1153
xeomatrix,xeomatrix,597,xeomatrix,1152
rajavamshee_123,rajavamshee_123,,rajavamshee69,1152
sharlok1000,ibrahimhish,1081,sharlok,1151
KM_Muntasir,muntasir024,1097,muntasir028,1151
mg04,hhmfslgoalms,951,hhmfslgoalms,1150
arijeet_16,arijeet_16,1166,arijeet_16,1150
sur_code,duke_knight,,duke_knight,1150
Apurbo,apurbo73,,apurbo_7350,1150
rmsz005,rmsz005,1791,rmsz005,1148
Abrar12345,towahatahsin01,,abrar12345,1148
Utkarsh__upadhyay,,,i_utkarsh,1148
Panditjii,panditjii,1524,pankaj__1998,1147
yadavritesh,riteshyadav28,,riteshyadav28,1146
shirisha_13,singam_13,,ammulu13,1145
Freak,queenrabbit,499,weirdnusu,1144
Abid_Ul_Islam,abid_ul_islam,1132,abid_ul,1144
bhavin_29,,,bhavin_29,1144
zeta11,mauryaneeraj11,,zeta11,1143
Anik_Shanto,anik_shanto,,anik5099,1143
Sankalp0109,sankalp0109,,sankalp010900,1143
vineethchintu9,vineethchintu9,,vineethchintu9,1142
anisha17,anisha18,,maisha_1818,1142
Ahsan_Sourav,aasourav,839,aasourav,1141
naimehossein77,naimehossein77,,naimehossein77,1140
darkhopenew,darkhope,1556,darkhope,1139
Ashikur_Rahman_Showrov,showrov,,showrov308,1139
iftikar,iftikar,,saymon005,1139
Mamun_16,mamun,1104,mamun_16,1138
shreshthajit5,shreshthajit,,shreshthajit,1138
epiprokash,epiprokash,,epiprokash,1138
Ruman_Hossain,ruman_hossain,,ruman_hossain,1138
shareef_32247,shareef_32247,,shareef_717,1138
R1F4,r1f4,,r1f4,1138
sarcastic_lolz,sarcasticlol,670,sarcastic19,1137
priyanshubit,priyanshubit,,priyanshubit,1137
LJ,cf29,,lakhanjasuja,1136
PINKIAKTER,pinkfloyed,750,pinki_456,1135
Coding_lover,anushkatayal,,anush_123,1135
19998sachinyadav,mr.inconsistent,1629,sachin_19998,1133
himanshur,himanshurajvanshi,499,himanshu977,1132
jiniayesmin,jinia_yesmin,1360,jiniayesmin,1132
ahmet,ahmetala,1740,ahmet25,1132
mehedi_shesher,shesher,948,shesher,1131
props,proteet,1658,proteet7,1131
1704104_Mahmuda,mahmuda_akter,,mahmuda_104,1131
code0monkey1,code0monkey1,1197,code0monkey1,1130
nealcaffrey,nealcaffrey,1068,nealcaffrey666,1128
ashique99,ashique99,1231,ashique99,1128
009_Akshay_Rajput,akshay_rajput,,akshayrajput_9,1128
Student,student,1027,student,1126
rakibul98,rakibul98,1092,rakibul98,1126
Sha7at98,shahat,,ali_shehab98,1126
Student2597,student,,student,1126
ron_is_back,_.ron._,1023,ron_is_back,1125
lasanihussain,lasanihussain,953,lasani,1124
20wh1a05i0,saimanogna_n,356,bvrit_3394,1122
Abdulrahman_karkalar,anonymous_3336,1192,karkalar_3336,1122
RefayetUddin,refayet_iit42,,refayetiit42,1122
hisariya_tani123,hisariya_tani123,,hisariya_tani,1122
nsf25,nsf25,,nasif2587,1121
tithe_190,naharsabekun190,,tithe_190,1121
Rafatur_R,rakin12,897,rafatur12,1120
yash04g,coder_yash04g,1760,yash04g,1120
0nurag,,,anurag_0,1120
afrin_IIT_48,astrid_sher,,astrid_sher,1120
Arnob114348,arnob114348,1477,arnob114348,1119
MEUE,meue,,meue_89,1119
Vansh,vansh_1211,851,vansh_1211,1118
tiger,shaikat17,1131,shaikat17,1117
Emama_Nahid,emama.emu,1060,emama_nahid,1116
Octopas,octopas,,rafsan67,1114
nasim478,nasim1717,487,nasim171,1113
Shourav124000,paulshourav124000,870,shourav_007,1111
shashank21j,shashank21j,1428,shanecruise,1111
Anik_Modak,anik_modak,,anik_modak,1111
rohan_aug20,lannistereohan,756,rohan_kraug20,1110
4Shashank,4shashank_soni,,shashanksoni06,1110
JeeBoomBoi,jeeb0xical,,jeeboomboi,1110
rabel,rabel.c,1121,rabel,1109
Baker_vai,baker_vai,,nurshuvo51,1109
jainabhi304,i_love_food,,jainabhi_304,1109
k_prashanth,k_prashanth,1090,k_proshanto,1108
mhszip,ghost9,,mdizrail,1108
sudipta_trisha,sudipta_trisha,,trisha103,1108
midoriya_shonen,tr1ckst3r,,subeet_,1108
shihab4t,shihab4t,,shihab4t,1108
aniket03,aniketsingh.sachan,1440,partitions,1107
Sudip_Chakrabarty,sudip_chakrabarty,640,sudip_3329,1105
jakaria9001,jakaria900,883,jakaria9001,1105
emnik,emnik,,emnik5515,1105
atulya,skadooosshh,927,fifth_leaf,1104
jinnat,jinnatul,,jinnat,1104
Deepak992019,deepak,,ydeepak992019,1104
Atul_Singh,theatulsingh,,the_atulsingh,1104
abcxyz,alias9854,1296,sagar_9854,1101
YoYo_9854,alias9854,1296,sagar_9854,1101
vibhu8447,vibhu8447_,906,vibhu8447,1100
pritom_saha,iierrrorii,1609,iierrrorii,1100
ismail5g,ismail5g,877,ismail5g,1099
Rowshanara_Sadia,rowshan,891,rowshan_sadi,1099
dr_thrax,dr_thrax,1180,tanvir_mit,1099
rahulshuvo,rahulshuvo,1238,rahulshuvo,1099
vk_vikhyat,vikhyat_kumeria,,ervinwarner,1099
Kira_28,sirius_black_28,427,sourav2809_dax,1096
msnitiz,msnitiz,845,msnitiz,1096
nandini_agrawal,_nandini,911,nandini_1503,1096
istiak,istiak7_,1037,break_7,1096
ahmedleo12,ahmed_abid,1203,ahmedleo12,1095
metalicana,metalicana,1459,m3talicana,1094
atulgarg0909,atulgarg,,atulgarg0909,1094
ashik,nasif_ashik,,ashik13,1094
jobair121,jesanuddin,1211,jobair121,1092
shubhsy,shubhsy,1318,shubhsy,1092
pradeep_7,pradeepvarma_7,,pradeepvarma_7,1091
RIYAD_AHAMED,riyad6392,,riyad6392,1091
laziestcoder,laziestcoder,795,alfa106,1089
nhfahimshah,n.h.fahim,951,nhfahimshah,1089
MaxHeap,maxheap,1614,mehdithe,1089
masruf14255,masruf14255,,masruf14255,1088
mg2000,mohneesh,,mohneeshgarg,1088
msnahid,msnahid,872,nahidsohel,1087
Residue33,shariful___islam,999,sharifulislam,1087
gou_rav,scottaran9,1261,gou_rav,1087
ashiqur1107,jood,,ashiqur1107,1087
Symon_Karim,symonds,872,symonkarim,1086
tufahel_ahmed,tufahel_ahmed,,tufahel_ahmed,1086
tufahel,tufahel_ahmed,,tufahel_ahmed,1086
Ali,koptanovia.io,,ali_koptan,1085
iishanto,iishanto,1200,shanto_,1084
Surker23,surker23,1761,surker23,1084
k0shik,himeros,,koshik1998,1083
ioiwinner,silvermirror,456,silvermirror,1082
nurbijoy,xenonhexaflouride,679,nurbijoy_07,1082
prajwal,prajwalsubhashnangare,,nangare04,1082
Sarvani_vemulapalli,,,pvp_21501a05j1,1081
ahm39_a61r,cyborg_prisoner,,c0der_newbie,1080
noob_22,tingtong_47,1096,nahar_201847,1079
bayazidcse27,nope_ju,,bayazid_cse27,1079
NAHID_39,crazy_dreamer,1233,crazy_dreamer,1078
sajib_1999,sajib_shayan,1012,sajib47,1077
Illusion,shadow_dragoon,,illusion_123,1077
skillerx23,skillerx23,,skillerx23,1072
babe,baqir96,,baqir96,1071
nishantarora,nishantarora,,nishant_bits,1070
Losser_cuet,losser_cuet,,pallincuet,1069
emose,emosew,1830,emose,1067
laraibkhan,laraibkhan,,laraibkhan,1066
Rahulray,rahulcode,,rahulray2103,1065
monuar_24m,monuar_24m,849,monuar_24m,1064
BUTTERFLY,shadjoy,776,shadjoy,1063
psquare,psquare,888,psquare97,1063
niloymahmud,niloymahmud,1036,niloymahmud,1063
shafayetemon88,shafayetemon,1001,shafayetemon88,1061
FahimSifnatul,fahimsifnatul,1191,fahimsifnatul,1061
saurabh_2508,kumar.saurabh2508,,saurabh_2508,1061
mdmehedi121888,mdmehedi121888,,mdmehedi121888,1056
Taib,tiab,740,taib,1055
traveller42,traveller42,998,traveller42,1055
cloudofpranav,cloudofpranav,1720,cloudofpranav,1054
raghavsinghal11,raghavsinghal11,,raghav_singhal,1054
Iamshafi,iamsfi,1371,iamsfi,1052
Tenida,duck,,tenida,1052
fahim_swe,fahim_swe,,fahim_64,1052
mehedi07,mdm_hasan,,mehedi2207,1052
pranay31399,helixpranay31399,,pranay31399,1052
Shanto_57575,shahidul_islam_shanto,811,shanto_57575,1051
iamAsif,iamaaasif,950,iamasif,1051
Apu_Sangma,izanagi,1526,izanagii,1051
shivagandra,shivagandra,809,shivagandra01,1050
ruthvika_284,,,ruthvika_284,1050
vivek5545,vivek5545,1625,vivek_5545,1049
Nigam_Pithadiya,n_g_m,1563,nigam_592,1048
Markic,markic,,marko2001,1048
Tanzimul,black_idea,,tanzim36,1048
manish1101,manishkr,,manish1101,1047
Steve,megh422,1274,meghnad,1045
tarun81998,,,tarun81998,1045
Tofael,tofael71,1038,tofael71,1044
D_Moriarty,serenity,,dimoriarty,1044
codwin,codwin,926,codwin,1043
smhemel,sm_hemel,,sm_hemel,1043
subah24,subahnoshin1234,,subah24,1042
noiem,noiem,,noiem,1041
aniket3167,aniket3167,1577,aniket3167,1039
Suhana_1804037,suhana_rashid,1019,suhana_1804037,1036
abid2505saharia,abid_saharia,,abidsaharia,1035
jin_glad,jin_glad,,jin_glad,1035
jayed,jayed.al.hasan,1025,jayed_al_hasan,1034
UNSALEK,unsalek,1310,unsalek,1034
smdhakula5,smdhakula5,1082,smdhakula5,1033
anupam_akib,anupam.akib,1143,anupam_akib,1033
ceosricharan,sricharan0871,,sricharan_1235,1033
Shajal,shajal,,shajal525,1033
navid_hasan,navid_hasan,1034,navid_hasan,1032
sumiya,prokrity,,sumiya_sayeed,1031
praveenawesome,praveenindia,,praveenindia,1026
ashu167,ashu167,,gami167,1026
zenolus,zenolus,,zenolus,1026
apr123,apr123,1281,apr123,1024
terrexo,terrexo,1403,terrexo,1024
AdityaSingh,adityasingh,843,aditya_singh97,1022
shubhamkarande,shubhamkarande13,,shubhamkarande,1022
kit_28,kit_28,,kit_28,1022
zim2510,s0lus,1603,zim2510,1021
Female,sumaiyah,692,sumaiyah,1016
shakhir,shakhir508,,shakhir,1015
NahidHassan,nahidhassan,,nahidhassan,1015
pradyuman_verma,pradyuman_verma,,pradyf,1012
AniketSingh,6_feet_coder,1231,six_feet_coder,1011
suryakamalog,,,suryakamal,1011
sindhuja,sindhuja_23,558,sindhuja_23,1010
imkiller,imkiller,1367,imkiller32,1010
froghramar,froghramar,,froghramar,1010
unknown_2433,unknown_2433,,unknown_2433,1010
sam_pro,saima,,sayma_247,1010
JOSHITAB,,,joshitab,1010
Elmer_Fudd,venomous.coder,887,venomous_coder,1008
shreyansh_ji,shreyansh_ji,1157,shreyansh_ji01,1007
redwanalirafi,redwanalirafi,950,redwanalirafi,1006
ravirocx,ravor,1429,ravirocx,1006
shishir09,shahshishir.09,,shishir_09,1006
ashish_361,,,ashishpola,1005
armaan200,armaan11,,armaan2000,1005
Gokulan_cv,gokulan_cv,745,gokulan_cv,1003
AlphaScorpii,alphascorpii,,alpha_scorpii,1002
saidatta27,,,saidatta27,1000
Chy_Chy,chy_yasir,1392,chy_chy,997
Mozaddid_Babar,mozaddid_babar,784,babar98,997
Kushagra_129,kushagramanojgupta,960,kushagragupt98,994
stephan_,stephan_,,dsramirezc,994
nushnine,anushna_09,719,anushna_09,990
Shreyash99215,shreyash99215,,shreyash99215,990
code_10,code_01,761,code_1010,990
alaminkarno,alamin.karno,,alamin_karno,984
BigO_1,owwee,,abhijeet_1796,982
immuntasir,immuntasir,,immuntasir,981
remonhasan,remonhasan,187,remonhasancse,980
ArthurLLoyd,arthur.lloyd,,arthur_lloyd,980
masum_cse,masumrana,801,masum_123,977
mridha_rakib,_rm.mridha_,1039,mridha_rakib,977
ayush_2024,ayush_2024,,ayush_2024,974
parth48,hackingmachine,1266,hack48,973
sl_1229,,,sl_1229,972
Hot_Blooded,day_dreamer058,,day_dreamer058,966
Asif10h,asif10h,,asif10h,966
wakil_khan96,wakil.khan96,858,wakil_khan96,965
theshameem,wl.reino,,shameem1362,964
yeasin097,yeasin097,,yeasin097,964
jindalanisha,jindalanisha,1445,anishajindal14,963
mdiktushar,mdiktushar,,mdiktushar,962
anonta,anonta,1155,anonta,958
hobe,2looper,1029,hobe,957
crackarsh,crackarsh,826,crackarsh,954
KOTIPALLI_BHAVYA_SRI_SAI,,,shiny_535,954
OdyAsh,odyash,,odyash,953
SriSDB,s_d_b,1425,sridharbajpai,950
sneakpeek,n4553r,1044,abdo97,948
Sajal_Dn,killer_mind,1173,sajal_dn,948
sajal,killer_mind,1173,sajal_dn,948
sai_2210040017,,,sai_2210040017,945
mr_looser,antuda,848,apu_kanu,945
kumarnimit0316,kumarnimit0316,1398,kumarnimit0316,944
ZBlaster,zblaster,1584,ritam_1234,939
ibrahim_habib,ibrahim_habib,,ibrahim_habib,937
Alomgir,yesthisisme,,alomgir,936
ankit19,luniankit28,,luniankit99,935
shahaman,shahaman015,693,shahaman,934
The_mRu,the_mru,,the_mru,930
booleancode01,rayhan,1267,booleancode01,927
Rayhan,rayhan,1267,booleancode01,927
Arnav04,arnav04,1410,arnav0400,923
CyborgDMonkey,cyborgdmonkey,840,cyborgdmonkey,920
Soundu,soundu,877,soundarya_19,919
fuadnafiz98,fuadnafiz98,1198,fuadnafiz98,919
Bornali_Saha,bornalisaha,553,bornali_saha,917
bushraakter,bushraakter,,busra,917
Abhay_2004,,,h2210080013,917
Akash79,akash79,,akash79,917
fahad_bd,abuubaidah,,fahadbd,916
Nazmun_Naher,nazmun_naher,,nazmun_1999,911
ibrahimsharaf,ibrahimsharaf,,ibrahimsharaf,911
kunal191049,,,kunal2190d,910
farnan,farnan.pust,874,farnan1234,909
shell007_bd,shell007_bd,879,ornob_39,909
ZayedPlus,z4yed,789,zayedplus,906
kumarnirbhay,kumarnirbhayrsvm,1419,nirbhay_8987,906
siamarefin2000,siamarefin2000,,siamarefin2000,905
2.11E+09,rohit_94,,bethala,903
Tricky,tricky23,,tricky049,902
mahakal007,aghori__,1020,ayush17435,901
ishrak26,ishrak26,1559,ishrak26,900
Raha,accidentally_coder,,frraha,900
Sakata_Gintoki,original_batman,,gintoki_sakata,898
Murad_Hossain_9014,muradhossain,662,md_murad_01,897
indrajeet23,indrajeetbhattacharya5,,indrajeet_12,893
sablababla_90,veer,950,tanvir_90,893
Neon10,neon10,1009,neon10,888
AzmayenSabil,azmayensabil,,sabile,883
Mahmoud_Ouka,mahmoud.ouka,1658,mahmoud_ouka,877
surajmall,suraj_mall,1221,surajmall,875
saransudheer,saransudheer,703,saransudheer,875
mosiur_n00b,inmessionante,,mosiur_n00b,867
Vishavesh,napsack,1097,risinglogician,864
19303001,mehedi_66,798,mehedi2020,855
rishi_22,rishisgsits_22,1487,rishi_22,853
Malheiros,malheiros,2109,joaovmfa,852
S_A_Babaei,s_a_babaei,,salib,846
1.74E+09,mesbah19,,mesbah19,845
daddy69,tushar.3010,1482,daddyop,841
_AhmedHafez,_ahmedhafez,1688,ahmed_hafez,838
Vabvgupta,vabvgupta,,vabvgupta,837
topc0d3r,,,coder26,832
majorbuzzkill,majorbuzzkill,,majorbuzzkill1,828
VeeraRaghavaSaiVarma,,,rag_2003,806
garganshika620,garganshika620,1402,anshika_2001,803
shubham_maurya,shubham2227,,shubham2227,782
Ravenfield,ravenfield,,ravenfield,780
robin,fasrate10,,fasrate10,778
nadeshot,nadeshot,,nadeshot,773
atif3213411,atif32134111,1056,atif3213411,772
N_Crypted,n_crypted,1616,nobrain_nopain,772
BalajiRudrawar,balajirudrawar123,789,balaji1233,770
Pranta,prantasaha,1428,pranta_saha,753
SPravalika26,190340073_s.pravalika,613,pravalika_2602,743
Ratul431,ratul,973,ratul431,743
neerav1515,neerav1515,1556,neeravcod07,704
sakib15,sakib15,1035,sakib15,699
Key_logger,wa.cpp,1234,key_logger,681
shafi,shafi_lus,,asfak,655
IndrojitMondal,indrojitmondal,,indrojit,634
Prince_Raj,daud43,624,praj0609,580
Notanonymous,bhardwajarpit1998,1182,arpit_987,569
190340064_1,payal_64,,payal_64,537
yash1399,yash1399,979,yash1399,518
Rishabhgarg25699,,,rishabh_garg1,480
hihihihipathak,praveenpathak,1581,hihihihipathak,460
akshay181998,,,akshay181998,456
yaswanth,,,yaswanth_2002,453
KG1910,kg_1910,,kishangadhiya4,369
octamois,anmolmishra54,830,anmolmishra,277
iammksmohit,,,iammksmohit,179
Bidita,bidita,350,,
rai8835,raiveer8835,364,,
HarshSh24,harsh_sharma_2405,383,,
MUMINUR_RASHID,muminur_rashid,413,,
lightryuzaki009,lightryuzaki009,487,,
tamim_iit_48,jannattamim31,534,,
Kosaga56,ani_10,552,,
MD_ASHIKUZZAMAN,_fru_,564,,
Nahin,nahin_junior71,590,,
Proloypk,1.30E+09,621,,
bravada,ajkdrag,621,,
abinash_gogoi55,abinashgogoi,625,,
mhr28,mhr28,625,,
sazzad120,sazzadcse,630,,
ssssssss,hyperttp,639,,
ReshAd_79,reshad_rid,647,,
_RaiYan_,_raiyan_,662,,
delowarcse16,delowar_094,665,,
circuit,ahmed866,677,,
tawsifff,sharun_tawsif,683,,
Sharun_Tawsif,sharun_tawsif,683,,
NasrinKhan,nasrinkhan,683,,
maayeesha,maayeesha_,688,,
tanveer_kader,tanveer_kader,694,,
0xRmQu,0xrmqu,698,,
hasnat_irfan,irfan_cse_iiuc,702,,
anushka_20,anushka_20,703,,
emtias24,emti_19,705,,
sabbir_063,sabbir_063,714,,
rbamhore20,rbamhore20,718,,
adityapathak16,aditya.pathak,722,,
jyotikrjc,jyotikrjc,722,,
raselroky,raselroky,723,,
Ayon_Das,ayon_das,724,,
tahsin_siad27,tahsin_siad27,731,,
unbeatable_sanju,unbeatablebaloria,732,,
pranavi_269,iec2020026,732,,
dokueki,venom_007,734,,
sakib075,sakib960,735,,
Akshaytour321,akshaytour123,744,,
Shameem_CoU,shameem_cou,745,,
TuhinOmar,pilus,749,,
Boss9831,axtrez,759,,
parvej_brur,parvej_brur,761,,
ahadkhan,redblack01,764,,
Polydites,polydites,767,,
ONI,bitsbee,768,,
Rafael,rafael,772,,
vikas_219,vikas_219,777,,
Sad_Codes,sad_codes,777,,
Tanvir2000,tanvir2000,778,,
achilles_03,achilles_003,781,,
Mdshahriad,shahriad50,782,,
URI,shakib19,783,,
Atiya,waazna,788,,
jafor_iqbal,jafor_iqbal,788,,
ayushi1709_20,ayushi1709_20,790,,
Anuj_Yadav,anuj_21,792,,
mario_93,mario_93,794,,
arif_999,arif_999,801,,
Disha_20,yasmindisha1999,801,,
chor_hu_jai,raj.304590,802,,
Adhish_chitranshi,258_123,803,,
PROsanto,prosantodass,806,,
anonymousAIT,anonymousait,809,,
musafir,tfb23,809,,
shiva186,shivagandra,809,,
KLU_2000031735,shivagandra,809,,
Kokushibo,kokushibo,814,,
zubaer33,zubaer33,820,,
ushmitadutta,ushmitadutta,824,,
sazu1294189,sazu1294189,826,,
mzhj19,mzhj19,828,,
israttasnimesha1046,israttasnimesha1046,831,,
Abdelkareem_elkhatib,abdelkareemkobo,832,,
h3000plus,h3000plus,835,,
Rafsan_Azam,rafsan_azam,838,,
RIJON,rijon,839,,
letsay_none,benjamin_pufta,839,,
amikars,theamikarsinha,841,,
the_horseman07,the_horseman07,841,,
Khandaker_Ritu,girgiti,842,,
ayushxyz95,ayushxyz95,844,,
bushrajahan,jbushra781,845,,
kritikatripathi,kritika_tripathi,850,,
jyoti122,jyoti122,864,,
nischay2000,nischay2000,865,,
dipesh2001,dipsaili2019,865,,
dharsanS2004,dharsans2004,865,,
Sliding_Window,mr.debugger,866,,
Jukerburg11,homo_sapiens_max,867,,
mahmudmridul198,abdullah_al_mahmud,869,,
riyadkarim,ryd,869,,
mdhasib89767,mdhasib_ice,871,,
eattae,cristiantoza,871,,
Farabi_IIT_48,farabi1122,872,,
rian_ahmed_rony,rian_ahmed_rony,872,,
ProportionalConstant,ninetrackmind,874,,
Salgado29,salgado29,877,,
Nayem27,abdullahkstrt,879,,
istisquare,istisquare97,881,,
Shekh_Ashraful,shekh_ashraful,881,,
imkkr,imkkr,884,,
srjoy01,srjoy01,889,,
arfin97,hafizur_rahman_arfin,891,,
hrarfin,hafizur_rahman_arfin,891,,
avinashtiwary,avi280120,892,,
anikaislam16,anikaislam16,902,,
rishab_g30,rishab_g30,903,,
vee_nits123,vee_nits123,908,,
Delwar,delwar,908,,
DT3264,dt3264,909,,
adilzo1,adilz01,910,,
Irteja,irteja,910,,
sanjit,sanjit,910,,
arif007,alt000,911,,
rakibul6636,rakibul6636,912,,
WorthySteve007,worthysteve007,916,,
jobaer_47,jobaer.sust,916,,
saubhagya0111,6969,918,,
AkeenL,akeenl,918,,
Juhan_hossain,juhan_,918,,
LeonelRF,leo25,919,,
BlackoutHimanshu,blackouthimanshu,920,,
1.90E+08,prapurna.g,921,,
MikeMR,mikemr,922,,
Jamil_m_Faris,jamil_m_faris,923,,
Jamil_Faris,jamil_m_faris,923,,
Tamanna_afroj,tamanna_,928,,
antor,golam_mourshid,933,,
R_Hasan,r_hasan,940,,
khushisinha,khushisinha,943,,
Jil,jil.kothari,944,,
MuKiT2009,mukit2009,944,,
death_star,tanv1r,945,,
Shamima_Rayhana,s_r_rumi,946,,
AkashAhmed41,akashahmed41,947,,
ash_668,ash_668,948,,
Mrinmoi,mrinmoi,949,,
imran_236,imran_236,950,,
Confused_Coder,duetian,955,,
shadhin08,shadhin08,958,,
MMMim,mmmim,959,,
Naieem103212,naieem103212,962,,
ovibaidya72,ovibaidya72,964,,
Quasi,quasi,967,,
fhehty,quasi,967,,
sabuj_kumar,sabuj_kumar,970,,
Dibbo_sust,un.cd,971,,
Sourav9063,sourav9063,972,,
NaheedRay,naheed28,975,,
asif01933,_wa_,977,,
Shoeb11,shoebahmad681,978,,
v123,v123,979,,
Michelin_star,michelin_star,982,,
thaherkhan,thaherkhan,983,,
fojly,fojly,988,,
Naim_Hasan_Pappu,naim_hasan,989,,
Ansar_cse_ruet,ansar_70,989,,
gryffindor,grifindor,989,,
chiragsoni812,chiragsoni812,990,,
PriyeshKumar32,priyeshkumar32,995,,
muntasir_labib89,labib89,997,,
travellerr42,traveller42,998,,
Rifat_Arefin_32,3_arrieffaitn_2,999,,
wellknownram,macarena,1005,,
ranjit001,ranjit,1005,,
sabbircse173,sabbicse173,1005,,
sm_hemel,sm_hemel,1009,,
MaHaMBa25,mahamba.s,1009,,
Numan2962,numan2962,1009,,
joearshad,joearshad_,1009,,
trisanu,trisanu_das,1010,,
garuav310,gaurav310,1011,,
helium_,_helium,1012,,
shakib034,shakib034,1012,,
mdjawadulhasan,md_jawadul_hasan,1012,,
neo070,neo070,1015,,
Chasty,2_confused,1017,,
khasrul_alam,khasrul_alam,1019,,
Arnob_sen,triedbest,1020,,
rpeddakama,rpeddakama,1022,,
akram_s1996,failure12,1023,,
neeraj029,neeraj029,1023,,
Arif042,arif042,1023,,
ulisesjared,ulisesjared,1025,,
voldemort713,voldemort713,1025,,
omarsamy09,omarsamy09,1027,,
Asif_NEUB,asif_neub,1030,,
bhajan,jackiebarman,1030,,
Acro_14,acro_14,1030,,
Nitr0Zeus,nitr0zeus,1032,,
Muhammad_kabil,muhammad-kabil,1035,,
jahidhasan,jahidhasan1893,1037,,
imran,imran.bd,1037,,
abhimitra,abhimitra,1038,,
rakib419,_rm.mridha_,1039,,
blank_p,blank_p,1040,,
satsabbir11,tsabbir007,1040,,
sakib_75,sakib_75,1040,,
Tanvir_Rasel,tanvir_rasel,1043,,
housni,housni,1043,,
ShawonSUSTSWE,shawonsustswe,1045,,
souravhossain,sourav.hossain,1045,,
dx_pranta,debasish.pranta,1045,,
Sanjida_Riti,sanjida_riti,1046,,
Old_Soul,old_soul,1046,,
ashahrior_007,ashahrior007,1047,,
emanalaa,emanalaa,1047,,
KabirHasan,kabirhasan,1054,,
priyaSingh07,priya_07,1054,,
rrs6,rrs6,1054,,
menna_tallah,menna_tallah,1056,,
DopamineAddict,dejokz,1058,,
mauriCZ,mauricz,1060,,
vishalmourya_01,vishalmourya_01,1061,,
sewllm,_sewllm_,1062,,
mamarnah,m_amarnah,1062,,
AHappyCoder,sabrina_akter,1063,,
the_lone_wolf_23,thelonewolf12,1063,,
Blackcat,ada_lucilla_,1064,,
tonu_2k14,tonu0509,1065,,
nishat1000,nishat_mbstu,1067,,
_anik,_anik,1068,,
marvel_coder,marvel_coder,1068,,
shauryahbtu,shauryahbtu,1068,,
kapoorkaran,algotron,1069,,
manav007,manavvermaa666,1069,,
Learner_one,learner_one,1070,,
ironstardev,debabrat,1071,,
luis8,luis8,1074,,
avijeet108,avijeet108,1076,,
faisalfrvr,hatethelover,1077,,
Samura_16,eto_kotin_ken_vai,1078,,
Pawankumar,parmanu,1080,,
suvro47,blueeye,1082,,
faiz12348,faiz12348,1082,,
Itachi_Uchiha,urahara_kisukue,1084,,
mahin_0003,0003_qureshi,1085,,
SaurabhMaurya,sm0107870,1088,,
lazy_zeus,lazy_zeus,1094,,
AneeshAparajit,aneesh_g,1095,,
RaiyanRady_RUET,dropofthesea,1098,,
Pistol,a7a.,1100,,
talhabinjafar,talhabinjafar,1101,,
tafim,n_o_o_r,1104,,
ZeyadAlFaris94,black,1105,,
Zosimo,mordred,1109,,
EyadAiman,eyadaiman,1110,,
anwholesquare,anwholesquare,1111,,
ahmedsamirouf,ahmedsamir.1907,1112,,
SouhardyaSaha,souhardya,1112,,
Arifakash,arifakash,1113,,
Raizor,raizor_,1116,,
mohiuddin_310799,mohiuddin.310799,1117,,
I_love_jenny,i_love_jenny,1117,,
Hemal123,nahidulhemal123,1117,,
HEMAL,nahidulhemal123,1117,,
salman_cuet_18,legendarynewbie_,1118,,
Orion_Abrar,abrar_mahir_esam,1119,,
sahilsinghzx77,sahilsinghzx77,1120,,
Tront,tront,1121,,
cosmicray001,cosmicray001,1122,,
StupidX,stupiditywithoutlimits,1123,,
yasirm,yasirm,1123,,
fustian,fustian,1123,,
TareqIA,tareqia,1124,,
amogh_123,probablyamogh,1124,,
kushagraj81,kushagra008,1125,,
11011zero,1011zero,1126,,
sajalhsn13,dr_lecter,1129,,
ritoo,ritoo,1131,,
AbirZishan,meow.meow,1131,,
Mahin_021,mahinchowdhury,1132,,
iqhpi,iqhpi,1132,,
mmrs,mmrs,1132,,
changinmong10,changinmong10,1135,,
viskjha,vishaljha511,1137,,
Bot_7037,hnegi12345,1138,,
_ICHIGO__KUROSAKI_,_ichigo__kurosaki_,1138,,
1durjoy,durjoy_dey,1139,,
zhalok,vegeta46,1140,,
Nabil_Mashrief37,nabil_mashrief37,1140,,
Iftekhar_Shishir,iftekharmd.shishir,1144,,
dip007,bhaktadip,1146,,
khalidmosaad,tug,1147,,
Prottya,prottya_roy_2018831001,1148,,
Rini,ri_in,1149,,
shanto462,shanto462,1149,,
utkarsh_37,utkarsh.37,1150,,
aditya_6752,cheemsdog,1152,,
MdNahid12,blackguy42,1153,,
arshdeep_lakh,arshdeep.lakh,1155,,
Sharif_Ekram,sharif_ekram,1155,,
limahamad,noomal,1157,,
naveenkant227,naveenkant227,1158,,
rosklin,rosklin,1159,,
ahmedwasfey,ahmedwasfey,1159,,
silverfox35,maratha,1160,,
Barbaad,dhuriaaryan,1163,,
helaluddin_brur,helaluddin_brur,1164,,
tusharnankani3,codemonk101,1165,,
falconabd,abdalhad.srouji,1171,,
codingFreak_,codingfreak_,1171,,
prashantpal0388,pal,1172,,
1704044_Aman,a-05,1174,,
showmickkar,showmickkar,1175,,
durgesh30508,durgesh30508,1176,,
altbydefault,3sa3di4,1177,,
HeyImAvro,itstheavro,1177,,
e_mon,emon_mon,1179,,
pranto1209,pranto1209,1180,,
shiva_ji99,shivansh_ji99,1180,,
mkhyy,ma5ame5o,1180,,
ARIF49,ndc.arifulislam,1181,,
dc0der_b0y,chemecocs,1184,,
Anything,anything,1184,,
Hasib_13,hasib.13,1185,,
AnotherTwinkle,anothertwinkle,1185,,
__mockingjay,__tasnim__,1186,,
protik_7,protik_7,1187,,
tony_stank,tony_stank,1189,,
lstd,lstd,1191,,
kazi_muktadir,kazimuktadir,1191,,
brace,bracealround,1192,,
ADARSH_CHAUDHARY,adarsh_chaudhary,1193,,
Jame___boy,jame___boy,1194,,
myhobby,mokid_hobby_iu,1195,,
lani1akea,lani1akea,1196,,
rgkbitw,rgkbitw,1199,,
soumyaprakash05,soumyaprakash,1199,,
yehia8,yehia8,1199,,
rharjani,rharjani,1201,,
lovlin,coderfoces,1201,,
chaubinscode_,shubham.c,1202,,
AliOmar,aliomar,1203,,
MAHUZAHMED,generalmahfuz,1203,,
venky1001,venky1001,1204,,
17192064,sh4,1204,,
bowskoh,bxk,1205,,
JustNoOne,justnoone,1205,,
supernour,supernour09,1206,,
hasan_tawsif,hasan_tawsif,1210,,
ImranIF,imran_far,1210,,
Sarthak_20,sarthak_20,1210,,
Kunalthite0511,kunalthite,1212,,
naruto99,y3454r,1212,,
abobakrpp,abobakrpp,1215,,
imkrishna18,krishnakanna18,1216,,
jahir,jahirtheboss,1216,,
anujbeniwal,abchoudhary13,1217,,
Mursaleen,grasshopperman,1217,,
NussairHroub,moreanynot,1218,,
amrmaghraby,Amr_Maghraby,1219,,
sai_nanda,sai_nanda9,1219,,
memo_herdez_el_grande,c4rlosvz,1219,,
elghareb,ahmed_elghareb,1220,,
bulbul008,bulbul008,1222,,
thymothytarun,tim007,1222,,
vandiar,vandiar,1224,,
shakil77977,shakil77977,1224,,
Nick146,nicolas_gomes,1225,,
Hotson,hotsonhonet,1225,,
reducto,reducto,1226,,
Soumik45,soumik24,1226,,
alltootechnical,alltootechnical,1227,,
tasin_jr,tasin.jr,1229,,
Life,saiful6854,1230,,
NITHEESH,nitheesh_2812,1230,,
amritansh22,amritansh22,1232,,
aref11_,aref11,1234,,
sakib_rhm,arghya_n,1234,,
hitu04,hitu04,1236,,
CaptainFreak,captainfreak,1236,,
sachin002139,_sachin_s,1238,,
Dipto_Shaha,uodas_dipto,1238,,
Villayat_Ali,villizain6,1239,,
Abdo_Abozaid,abdo_abozaid,1240,,
Sourav_sCodes,souravutsha,1242,,
Raju_007,habiburraju,1243,,
manishhere,manishthakurhere,1244,,
monuwar,monuwar,1244,,
pr_akash119,bond_007,1245,,
_Cache,animesh_r,1246,,
meowmeow_56,_used,1246,,
228_Def4ULt_228,def4ult,1247,,
Moynul_Islam,moynul_islam,1247,,
Muntasir_Nahid,mn7,1247,,
_AhmedMohamed_,_ahmedmohamed_,1249,,
arayhan,abu_rayhan,1251,,
code_freak,coder_guy,1251,,
roaar03,roa.a-r,1251,,
tamzid0335,nahid0335,1251,,
shreas,shreas,1252,,
nilesh432,2.02E+08,1255,,
__morsalin,__morsalin,1255,,
AhmedFahmy,ahmedfahmy,1258,,
Samael42,babayaga42,1258,,
Astaa001,narutoelmatria,1259,,
truonganletk,newbiemisis,1260,,
hi2tamzid,hi2tamzid,1260,,
Prayag,prayag,1260,,
AkzMoudud,akz_moudud,1260,,
moududs,akz_moudud,1260,,
hamido,hamido,1261,,
satyajitkarmakar,satyajit00,1263,,
lighteningEmperor,lighteningemperor,1263,,
yahyasemih,yez-zain,1263,,
Legendary_Expert,legendary_expert,1264,,
sagor_bu,sagor_saha,1264,,
cseshahrukh,cseshahrukh,1265,,
SakibAbrar,sakibabrar,1265,,
divyaprakash18,divyaprakash18,1266,,
Muzammal_Hossain,muzammal_hossain,1266,,
saiful_alam,saiful_alam41,1268,,
MrRobot_101,mr.robot_101,1270,,
satya753,nipun753,1272,,
Marwan,marwan_mohieldeen,1273,,
j_plus_plus,j_plus_plus,1274,,
yatharthkatyayan,yatharth_,1276,,
Aqsa_20,aqsa_20,1276,,
_mHm_,_mhm_,1277,,
wrench786,wrench786,1278,,
SamiulSourav,samiulsourav,1279,,
daniel_golconda,danielgolconda,1280,,
NikitaK,nikitak_01,1281,,
ACanSolak,lambdaguy,1281,,
DanielAugusto,danielaugusto,1281,,
a1s3a,a1s3a,1282,,
Abdelrehman,abdelrehman,1284,,
yaashh,yaashh,1284,,
karandeepdps,r0b0t,1284,,
Yash_Gagneja,yashgagneja,1284,,
0xVikas,notrandom,1285,,
jinderbrar,jinderbrar,1286,,
AuroraPrz18,auroraprz1809,1290,,
Saifullah29,um_ded,1292,,
Hamza11,half-blo0d_prince,1292,,
adrishyantee,adrishyantee,1295,,
Vaibhav_86,vaibhav_86,1296,,
akshit10505,akshit1744,1296,,
DiegoBriaates,diegobriaares,1298,,
themadknight45,themadknight45,1299,,
cladzen,urbanmyth,1300,,
darmawanalbert,darmawanalbert,1302,,
vmc1234,vmc1234,1304,,
shakiralam,s_zayan,1305,,
Hasib35,hasib35,1305,,
AbdelrahmanKhaled,abdelrahmankhaled,1307,,
fardin_abir,fardin_abir,1308,,
GingFreecs,abhayj23,1308,,
mithun_rahman,mithun_rahman,1309,,
tareq578,tareq578,1309,,
amankumar062,amankumar6,1309,,
Shafaet_Hossain,shafaet_hossain,1310,,
Gladwin_Rojer,gladwinrojer,1312,,
moccbc,yn_ucr,1312,,
redligot2009,redligot2009,1312,,
shunmahi,shunmahi,1312,,
dipto_092,dipto_92,1314,,
purus63,2014dib021,1314,,
redcpp,redcpp,1315,,
AhmadTea198,ahmadt198,1316,,
TariqueNasrullah,tariquenasrullah,1316,,
MohamedNabil,m_ohamed_nabil,1317,,
decook,decook,1317,,
Notcrazy4code,zeroo0iq,1318,,
hr64ppy,hr_bappy,1319,,
Ayush__Sharma,ayush__sharma,1319,,
AHM_ANNUR,ketos,1324,,
ilovebfsdfs,ILoveBfsDfs,1324,,
shereenfathy,shereenfathy,1330,,
sartajekram,sartajekram,1330,,
deepak1050pandey,deepak1050pandey,1332,,
sharma3005,sharma2110,1333,,
usssef_abdallah,joeyoussef,1335,,
basel_99,basel-99,1336,,
Ajrockstar,ajrockstar,1338,,
shubhanshuj22,shubhanshuj22,1338,,
erocodesenin,iwgtg,1341,,
GauravJain,gauravjain,1341,,
tachithanhdanh,tachithanhdanh,1344,,
dhnanj,dhnanj,1345,,
nafiamahjabin,nafiamahjabin,1346,,
Emon46,h.r._emon,1346,,
adib,adibhossain,1348,,
farhana_rahman,farhana_rahman,1349,,
BlackBeard561,blackbeard99,1351,,
Melecichu,melecichu,1351,,
Desouky,desouky22,1353,,
Rajan_sust,rajan_sust,1353,,
om_thummar,aom2608,1353,,
tomb_raid3r,tomb_raid3r,1354,,
pranjal1999,pranjal.glowingstar,1355,,
landcold7,landcold7,1361,,
tonmoymohajan,tonmoy_mohajan,1362,,
Chydra,chydra,1362,,
Tonmoy_Barua,tonmoy_007,1363,,
flyinchat1729,123ampagp,1364,,
lol_get_a_lifee,xempli5,1366,,
AMAN_SINGH_king_1,unbelievable_aman,1368,,
hyxinchou,hyxinchou,1369,,
carbon,carbon2,1370,,
lalala1995,k-i-k-ichi,1370,,
abhinavsagar,finlapland,1371,,
arsrivish2,arsrivish2,1371,,
AlbertoZM,betozm,1372,,
sir69,ighosh98,1372,,
samyak8,samyak.j,1373,,
mykhail0,mykhail0,1374,,
dsyz,dsyz,1374,,
sagnik_majumdar,sagnik.majumdar,1376,,
Sc00by_d00,sc00by_d00,1376,,
Xifan1999,mohdikram,1378,,
Radwan,abdelrahman_radwan,1379,,
Nilesh1206,silent_decoder,1380,,
ahsan0045,ahsan0045,1380,,
nandinime,_agarwal_,1381,,
kosh7,koshlendra7,1382,,
s1s1ty,s1s1ty,1382,,
eatCode,eat_code,1383,,
shivamsood,shivamsood16,1384,,
vardan1996,vardan1012,1385,,
mmoataz3011,mmoataz3011,1388,,
asgard_world,ashuthor321,1388,,
AnDrEwHaLiEm,andrewhaliem,1389,,
mansif,mansif,1390,,
LightYagami674,lightyagami674,1391,,
its_aditya,ak_pandey,1391,,
xUser5000,xuser5000,1395,,
traductri2003,tranductri2003,1395,,
dangil,dangilajay9,1399,,
bonna46,bonna46,1400,,
kajol_cse,kajol_cse,1402,,
Alchemist,rahuliitkgp,1402,,
Manav1906,manav1906,1402,,
coder_bug,legion_geek,1402,,
kowalsk1,kowalsk1,1404,,
Hxxx,harshiladalja98,1405,,
rupav,rupav,1405,,
akarvin,._hope_.,1405,,
nsroni888,not_sman,1406,,
rharshit82,rharshit82,1408,,
Omar_Hafez,omar_hafez,1409,,
KP1010,kp1010,1409,,
chicapi,chicapi,1410,,
black_dranzer,panda.joydip30,1411,,
cyber_chandu,protista,1411,,
Th3Rd_bR0,seoul_graffiti,1412,,
Hamoudi,hamoudi,1413,,
ahmadshaaban,ahmedshaaban,1413,,
raj_jagetiya,rajjagetiya,1414,,
nayemislamzr,val_lagena,1416,,
abyasachi,sabyasachi,1418,,
Kaleab7,kaleabasfaw2010,1419,,
sm247,sm247,1420,,
Hazemalrawi,hazemrawi,1420,,
MohamedMotaz,mohamedmotaz,1421,,
rahathossain690,gandhig,1421,,
prashantkn94,prashantkn94,1421,,
OSHO_20,osho_20,1422,,
nemophilist,shivambajpai099,1424,,
rohitacharya793,rohit1110,1425,,
gaurav1620,gaurav1620,1425,,
ramansain,ramansain,1426,,
abdullahs_turtle,abdullahs_turtle,1426,,
Ayush_Patil,ayush_patil,1426,,
mahbd,af91k,1427,,
Mohammed_Almasry,mohammed_almasry,1427,,
AbirChy,ajmain_abir,1427,,
SorKierkegaard,sorkierkegaard,1429,,
sagar_alok,alok_32,1429,,
Fluffy_X,rahul_bhateja,1430,,
vedansh33,vedansh.srivastava6,1431,,
kashyap_archit,kashyap_archit,1431,,
Readme,_readme,1431,,
travelers,travelers,1432,,
tanuj_jain,tanuj_jain,1433,,
Tasfiq4,_846532709,1433,,
levanter,redwanahmed,1434,,
pastilia,pastilia,1436,,
ridhishjain,ridhishjain,1436,,
pratik0509,pratik0509,1436,,
Achilles1,achilles1,1437,,
travelllerX,travellerx,1437,,
gustavo.gardusi,gardusi,1437,,
moh4med,mo7amed_a7med,1437,,
Shamim_Shaharia,shamimss,1439,,
laithhelwany,leo1337,1441,,
jaddu,monk,1441,,
mona_hashem,mona_hashem,1443,,
MohamedHamada,mohamedhamada_,1443,,
moustafa8888,moustafa.mk,1443,,
nash99,nash99,1444,,
therealslimshady,therealslimshady_,1444,,
kinggavy07,lordgavy01,1446,,
anky_301,hogrider,1447,,
sourav_kd,sourav1201,1448,,
mominur11,mominur,1448,,
9kin,9kin,1452,,
temurson,temurson,1452,,
prashant_kumar_3,prashantnh143,1453,,
preprocessing,preprocessing,1454,,
bmqube,bmqube,1455,,
MuhammedAtefHassan,mohammed_atef_hassan,1456,,
asoldatbay,aslead,1457,,
raghavk7,raghavkaushik7,1457,,
hehehehe,.friday,1457,,
Nitin1605,nitin1605,1457,,
thanya_leif,thanya_leif,1459,,
JustSomeDude,justsomedude22,1461,,
apratimsen9,apratimsen9,1462,,
seif,seif,1466,,
don_001,code___blooded,1467,,
dheeraj_2002,dheeraj_2002,1469,,
ymollik,yeasin_mollik,1469,,
khaledawaled,khaledawaled,1471,,
Ovi_Pdr,ovi,1473,,
prak_har,jalanprakhar,1474,,
shkukanios,iloveabdulrahman_aj,1476,,
RRRRR1234,rania__,1476,,
ruler_op_op,raman_111,1477,,
AjjuPandey,ajjupandey,1478,,
not_found0001,_not_found0001,1480,,
not_good_enough,not_good_enough,1480,,
Abdelfattah_Mohamed,abdelfattah_mohamed,1481,,
madmax789,madmax-ujjwal,1482,,
sputnik_sweetheart,dysnomia,1482,,
ajshajdgadgj,playinwithfire,1484,,
aya_elymany,aya_elymany,1485,,
AriaBanazadeh,contestfucker,1485,,
sahil_2609,sahil_2609,1486,,
am2505,am2505,1488,,
something12311,sahiladhikari11,1488,,
Pro_Chicken,pro_chicken,1492,,
blueconch,blueconch,1492,,
ShayanSh,shayansh,1493,,
bhaibhai,put_peace,1494,,
sachin2405,sachinkumar24051999,1495,,
gbrls,gbrls,1497,,
Laggy,laggy,1499,,
adishegde,adishegde,1499,,
Uday8755,uday_chaudhary,1500,,
CiroR,ciror,1500,,
sajed49,sajed49,1501,,
tanyarajhans7,tanyarajhans7,1501,,
daddys_home,noob4ever,1501,,
nish1104,nish1104,1503,,
saravananjs31,saravananjs3,1505,,
Drax21,roshankumar.21012000,1505,,
abhishek_229,aaste123,1507,,
kumalimak,kumalimak,1509,,
Jaki,jaki,1510,,
Lusho,lusho,1510,,
Swapnil007,sjdhola,1511,,
jeelrb30,jeelrb30,1514,,
Hamzza,hamzza_,1515,,
hamidh100,hamidh100,1516,,
Ahmad07,frn_07,1518,,
rennanrocha,rennanrocha,1521,,
utsavparakhiya,utsavparakhiya,1521,,
him98,him98,1522,,
hieu_2004,hieu_2004,1526,,
cerebral_assasin,cerebral_assassin,1527,,
sazid_alam,_sazid_,1528,,
prackode,prackode,1528,,
TheRealRoman,roman-uragan,1529,,
atiq1589,atiq,1530,,
MohamedKhaled,mohamedkhaled,1533,,
Khaled_Mahmoud,khaled_mahmoud,1535,,
Malek_,malek_,1535,,
rahulrawat09,rahulrawat09,1538,,
ahmed_mostafa,Ahmed_Mostafa,1539,,
nuwaisir,nuwaisir_rabi,1545,,
MustafaZaki,mustafa.,1548,,
farhanshahoriar,farhanshahoriar,1548,,
ahuja,.ahuja,1551,,
sm_tanjim_54,tanjim54,1554,,
dontstalk,skr008,1558,,
ahsanjarif6,__alephnull,1559,,
exile2k4,exile_2k4,1560,,
zzzzsusts19,zzzzsust19,1560,,
Saeed_247,saeed_247,1563,,
abhinav__,abhinav__,1565,,
zardos,raifakhmedshin,1566,,
Grace2005,grace2005,1566,,
G0ingInsqne,g0inginsqne,1566,,
atifsufyaan17,atifsufyaan17,1567,,
pratik1207,pratik1207,1572,,
aaddafas,.st,1575,,
harnoorSta7,harnoorsta7,1583,,
jhlfrfufyfn,jhlfrfufyfn,1583,,
siddharth13,heisenberg13,1586,,
brachistochrone,sanitator,1588,,
Sanitator,sanitator,1588,,
wawcac,wawcac,1588,,
alavrov,alavrov,1592,,
Sinanck,sinanck,1594,,
mohamednabil97,mohamednabil97,1595,,
VRUND297,vrund193,1595,,
keremteke,keremteke,1596,,
Saifhaider0z,saifhaider0z,1597,,
assali,assali,1598,,
mosta7il_,mosta7il_,1601,,
cp3solver,mosta7il,1601,,
Ainur_Mukhtarow,ainur_mukhtarow,1601,,
Ezekieldor,ezekieldor,1602,,
SB213,sad,1602,,
darksparrow,darksparrow,1602,,
narcoX,immortal17,1602,,
gunjan768,gunjan768,1603,,
rianradeck,rianradeck,1604,,
Salti,prometheus,1606,,
Codersgroup18,codersgroup18,1606,,
SuperM4n,superm4n,1607,,
laith_drebaty,laith_drebaty,1607,,
rasel_Hossain,rhsamrat,1607,,
QAQ,cymario,1607,,
anshuman_2161,ya_its_me,1611,,
Neos,neos,1612,,
awesome_shek,awesome_shek,1612,,
ahmedkareem612,xsliferx,1613,,
rochakjain361,rochakjain361,1614,,
Hoff,hoff,1615,,
tahsin_protik,tahsin_protik,1617,,
connorwang38,connorwang38,1617,,
forza_viola,forza_viola,1617,,
anilsaxena,anilsaxena,1617,,
manfi,mahmoud.manfy159,1618,,
Yerzhan,KPACUBO,1619,,
ragedteddy,ragedteddy,1620,,
Essux,jjsuarestra99,1621,,
piyushgupta4399,piyushgupta4399,1622,,
Karthikey_saxena,karthikeysaxena,1623,,
reem_7,reem_7,1624,,
unknown_user_newbie,skumar62629,1624,,
Pseudocode,pseudocode,1625,,
shivamsaraf,shivamsalil,1625,,
jahid__hasan17,jahid_hasan172,1626,,
Zens_5,kumnahi,1626,,
Me5a,me5a,1630,,
simon7426,simon7426,1630,,
Mehulcoder,mehulcoder,1631,,
DezTa5tef,dezta5tef,1633,,
finnthehuman,finnthehuman,1633,,
Nj,kal-el,1634,,
hosamk92,hosamk92,1635,,
saurabh7868527,saurabh7868527,1637,,
ihtiaz,ihtiaz,1640,,
Auler,casio991ms,1641,,
dev_jb_007,dev_jb_007,1641,,
alhasan,alhasan,1641,,
sarthakswe,i_love_captain_america,1642,,
KyRillos_BoshRa,kyrillos_boshra,1643,,
Christoffer,christoffer,1644,,
__hit,__hit,1644,,
conquistador_3,conquistador3,1645,,
abdulrahman_aj,abdulrahman_aj,1647,,
eagle_12,nik-12,1648,,
puff_debu,puff_debu,1650,,
mohamedalaa,muhammedalaa20,1651,,
Mid0,mid0,1652,,
12zb1r54,antytalent,1653,,
harshitmuhal,infinite.loop,1653,,
re1nth,re1nth,1653,,
rakkoon69,rakkoon69,1654,,
i_never,mahmoud.ouka,1658,,
lucifer,_lucifer,1658,,
slimnet,fatnot,1659,,
parsa_golestani,parsa-golestani,1659,,
lolzano,lolzano,1662,,
morato,morato,1665,,
fuck_the_luck,sharma_ji,1667,,
thiago,thiago,1671,,
OneDrunkDragon,onedrunkdragon,1671,,
maher,mahersefo,1674,,
BRCode,brcode,1675,,
noobPanda,n00bpanda,1675,,
saxenad765,deepanshusaxena,1677,,
kiran_12345,sam,1678,,
mike51,mike51,1682,,
seraphimstreets,seraphimstreets,1687,,
taruns,tarun,1688,,
emre,emrey,1688,,
avinesh_2003,avinesh_2003,1690,,
AhmeD_,ahmed-,1692,,
toViewMyProgress,roigold,1693,,
Shadow00,roigold,1693,,
forgotter,dekode,1694,,
bkrtoni,bkrtoni,1694,,
abfinally,0mniking,1696,,
Rajeshwar055,rajeshwar055,1696,,
Nmp,_nmp_,1696,,
osama,osama_saleh,1699,,
IVIosab,iviosab,1701,,
dhruvil_11,dhruvil_11,1701,,
joe001,perplex,1703,,
tuananh238,tuananh238,1704,,
hect123,hect123,1704,,
colossal_pepe,colossal_pepe,1704,,
Iplayer,iplayer,1704,,
incubatormankomol,incubatorman,1705,,
Guts,guts,1706,,
timka2609,timka26092000,1706,,
PorlyProgrammist,PolyProgrammist,1716,,
Ghieath,ghieath,1718,,
TriumphantEggplant,triumphanteggplant,1718,,
werus23,werus23,1720,,
shwet,abcd,1722,,
s98,shaurya98,1725,,
anveshc05,anveshc05,1726,,
jalilvandmj,jalilvand.mj,1728,,
tukan_king,tukan-king,1730,,
desi_yoddha,desi_yoddha,1730,,
arcane810,pred,1732,,
blogtech1999,prateek_aggarwal,1733,,
trainDOGGO,mintchill,1734,,
walidsad,walidsad,1744,,
abd425,_muhammad,1746,,
Ehsan22,ehsan22,1747,,
gmanas813,manas_gupta_813,1748,,
hardik0899,hardikdua,1749,,
practice__hard,practice_hard,1749,,
Gabriel123Duarte,Gabriel123Duarte,1749,,
schovkla,schovkla,1752,,
_deepak_,_deepak_,1753,,
forma,khaledmuhammad,1754,,
the_solver,kanishk779,1754,,
newtonis,ariel.nowik,1756,,
mahbubulhaque01,f__,1758,,
gfonn,gfonn,1760,,
amankrsingh1812,amankrsingh,1762,,
Rods,rods,1766,,
silentboy302,silentboy302,1766,,
NiKS001,niks001,1767,,
Lupne,lupne,1772,,
jeqcho,jeqcho,1774,,
Rubaiyat08,richyrich,1776,,
ring_lord,-messi-,1776,,
willsen,whyzker,1777,,
SavicS,savics,1779,,
KazamaHoang,phaicogiaiquocgia,1782,,
DarkVoid,darkvoid,1787,,
JohnGamal,johngamal,1789,,
sandovali,sandoval,1793,,
preetpal_jindal,preetpal_jindal,1796,,
dragonsan17,santosh_dragon,1796,,
cckk4467,cckk4467,1797,,
tbobo,tate,1798,,
jon__snow,jon__snow,1799,,
S1MPLY_Awesome,vcp_only,1801,,
DragosC,ciobanu_dragos,1801,,
Ismail_A,bash,1802,,
bash,bash,1802,,
stalkhandlevunkvbasijkn,java,1810,,
Toinfinity,toinfinity,1812,,
TuringMachine,turing.machine,1812,,
ssense,ssense,1815,,
Rick_19,pranav_g19,1818,,
vaibhavb,vaibhavb,1819,,
orlandoisay,orlandoisay,1821,,
HardNut,hardnut,1822,,
TheQuantiX,thequantix,1823,,
Fazle,fazle,1826,,
kdjjain,kdjjain,1830,,
Pallove_227,pallove,1836,,
Abhinav37_,abhinav37,1837,,
ema,ema,1840,,
harshit601,harshit601,1844,,
ncduy0303,caoduy73,1846,,
monomer,nihilistpilgrim,1852,,
tanu_70,tanus_era,1853,,
JIF,jorge213,1864,,
dwik,dwik,1868,,
sumeet_mishra,sumeet_mishra,1868,,
tyagivaibhav,tyagivaibhav,1869,,
bharatgoyal23,bharatgoyal23,1870,,
montu1234,architj,1876,,
pieceofcake,pieceofcake,1879,,
grandmixer420,grandmixer420,1895,,
adiletabs,adoki,1896,,
ahmedhamed,ahmedhamed,1900,,
sutosheid,alikiller,1901,,
BNL,bnl,1904,,
rootbot,ashiq_17,1905,,
ahmed_yasser,ahmed-yasser,1906,,
shaurya_bagga,shaurya.bagga,1910,,
manavj7,manavj07,1911,,
hemnath_d,hemnath_d,1911,,
Ashishy1888,ashish,1911,,
karemo,karemo,1914,,
amiratou,amiratou,1918,,
straw_boy,straw_boy,1918,,
brelf,brelf,1920,,
empathy117,empathy117,1924,,
nour_r,nour_r,1924,,
rturtu,dyskode,1928,,
justiny7,justiny7,1931,,
maghrabyJr,ahmadalmograby,1933,,
andresrperezr,andresrperez,1935,,
fake_id,agrawal117,1939,,
The_Legend,the-legend,1945,,
jpabloamezcua,juanpabloamezcuagonzalez,1946,,
Mahdi_Shokoufi,mahdi_shokoufi,1948,,
pvkhoi,phuonguyen,1956,,
Bera,bera,1956,,
Wie,jauhar.wibisono,1957,,
ankitpriyarup,ankitpriyarup,1969,,
Swift,swift,1970,,
vinayaka05,notred,1973,,
aostankov,aostankov,1977,,
Envil_Saintan,envil_saintan,1985,,
sturdyplum,sturdyplum,1987,,
jevrii,jevrii,1988,,
hackergupta,anaymehrotra,1990,,
bbcf13,aadarsh026,1994,,
Sixpathsguy,sixpathsguy,2002,,
Kaunta,kaunta,2002,,
kristja6,kristja6,2005,,
rachitjain,rachitjain,2018,,
pedrohlf,pedrohlf,2020,,
HussienIbrahiem,hussienibrahiem,2024,,
ParsaAp,parsaap,2025,,
viliml,vilim_l,2028,,
HelmiB,letmec,2030,,
szawinis,szawinis,2063,,
jeremy624,jeremy624lolz,2064,,
pwned,pwned,2067,,
Breaker356,abhijit_patil,2069,,
xxxplaystation,xxxplaystation,2069,,
michao,michao,2073,,
Mounir,zorglub,2076,,
Mazaalai,mazaalai,2090,,
forelax,forelax,2096,,
Nickir,nickir,2103,,
Anji,anji,2107,,
Shaad221B,shaad-221b,2109,,
dinuu_1997,fan_of_potter,2110,,
IvanBorquez,ivanborquez,2114,,
WhaleVomit,whalevomit,2114,,
wet_water,wet_water,2115,,
SlowDecay,slowdecay,2118,,
izadidoostroham,roham,2119,,
TimDee,timdee,2122,,
filippos,filippos,2123,,
qiaozhanrong,bridgecat,2124,,
pranavg000,pranavg000,2125,,
aggu_01000101,aggu_01000101,2135,,
vectors_masterAS,vectors_masteras,2142,,
Ujjwal_Rana,ujjwal_rana,2151,,
crossing0ver,crossing0ver,2152,,
chilli,chilli,2152,,
stopstalker,left_utkarsh,2153,,
nasadigital,nasadigital,2170,,
wabadabakalakaboo,wabadabakalakaboo,2178,,
empty_walls,po3obar_bblnb,2180,,
KieranHorgan,kieranhorgan,2190,,
paradox_,paradox,2193,,
Light,light,2199,,
unclegrandpa925,unclegrandpa925,2211,,
Olerinskiy,olerinskiy,2218,,
walnutwaldo20,walnutwaldo20,2247,,
Askhat,temiraskhat,2253,,
Askha,askha,2253,,
Numb,numb,2255,,
Adhami,adhami,2286,,
ParsaAlizadeh,aaparsa,2297,,
slavik,grumpykitten,2340,,
radal,radal,2357,,
Abelyan,mrdecomposition,2357,,
upobir,upobir,2358,,
masonsbro,masonsbro,2360,,
reality,reality,2390,,
NaughtyMorzh,naughtymorzh,2410,,
KDVinit,kdvinit,2411,,
rapel,rafaelherman,2412,,
andr0901,andr0901,2414,,
alexxela12345,alexxela12345,2417,,
amshz,amshz,2431,,
couplefire,couplefire,2437,,
Alireza_Keshavarz,alireza_keshavarz,2451,,
erray,erray,2465,,
alirezasamimi100,alirezasamimi100,2470,,
iamshaypatriccormac,demon1999,2494,,
yash_1234567,rajat1603,2549,,
khadaev,khadaev,2567,,
scanhex,scanhex,2579,,
frodakcin,frodakcin,2601,,
rainforest97,desert97,2629,,
eatmore,eatmore,2674,,
TeaPot,teapot,2677,,
luosiyuan,tianbu,2882,,
dorijanko,dorijanlendvaj,3120,,
gamegame,gamegame,3218,,
0xrayhansec,tourist,3764,,